3060894531584.0
2969839599616.0
2957385400320.0
2946958360576.0
2937811107840.0
2901110947840.0
2846891704320.0
2814570397696.0
2795482906624.0
2748990619648.0
2700386238464.0
2649644072960.0
2616006279168.0
2593454555136.0
2520939757568.0
2483485671424.0
2467525296128.0
2450641649664.0
2403175759872.0
2360203542528.0
2316860129280.0
2274127773696.0
2201674055680.0
2169677676544.0
2129243799552.0
2112801472512.0
2072585568256.0
2056996519936.0
2037862891520.0
1979234648064.0
1914379042816.0
1906334105600.0
1880083398656.0
1862572441600.0
1846300901376.0
1795297640448.0
1762441297920.0
1733749243904.0
1707849547776.0
1678171963392.0
1648534093824.0
1642979917824.0
1633839218688.0
1571389308928.0
1558516334592.0
1524724793344.0
1516204064768.0
1505306738688.0
1494326837248.0
1484617547776.0
1410815754240.0
1392247701504.0
1389334364160.0
1358899576832.0
1331492159488.0
1315517235200.0
1309838409728.0
1284249354240.0
1275783282688.0
1254569148416.0
1249963409408.0
1239053238272.0
1225467756544.0
1220131684352.0
1197842104320.0
1185972486144.0
1179500806144.0
1163082989568.0
1156215734272.0
1154251489280.0
1116939091968.0
1085800841216.0
1076721614848.0
1068697518080.0
1056304594944.0
1046786867200.0
1042587385856.0
1032148484096.0
1013661564928.0
987594293248.0
986055835648.0
973823934464.0
968483274752.0
960723943424.0
944060956672.0
949431173120.0
914448449536.0
899972071424.0
882823790592.0
881825677312.0
859028979712.0
850016075776.0
822968254464.0
797597892608.0
783260581888.0
781888782336.0
777916514304.0
763457830912.0
762766950400.0
758693756928.0
749857931264.0
737664172032.0
732310798336.0
726244655104.0
724156612608.0
713462513664.0
708061167616.0
706251980800.0
709319917568.0
705258061824.0
698297876480.0
699870216192.0
698757939200.0
693710553088.0
680046100480.0
673321189376.0
668698411008.0
654131986432.0
649311551488.0
645539889152.0
644256628736.0
641054015488.0
641893728256.0
635997126656.0
633768050688.0
627246825472.0
630744219648.0
625924112384.0
622860632064.0
622904868864.0
615699709952.0
609101414400.0
609824407552.0
608220282880.0
605737910272.0
602673119232.0
599980703744.0
595990413312.0
594226511872.0
599708401664.0
589041434624.0
585262759936.0
585563504640.0
581279285248.0
579988226048.0
582751617024.0
579431694336.0
570314326016.0
570883309568.0
573257940992.0
566209871872.0
558887075840.0
556113788928.0
553371107328.0
549777571840.0
549436686336.0
547252142080.0
545969405952.0
542294474752.0
540173762560.0
540657713152.0
538673446912.0
535495114752.0
533762572288.0
536781389824.0
537705578496.0
537853165568.0
531081986048.0
525649182720.0
525148848128.0
524339216384.0
520688369664.0
517559877632.0
516156293120.0
514493513728.0
516383604736.0
514381938688.0
513837301760.0
508800958464.0
510210277376.0
508166537216.0
507425882112.0
505932414976.0
503166173184.0
504499765248.0
502664691712.0
497633067008.0
491266768896.0
491259101184.0
490619142144.0
489967255552.0
492514213888.0
487454867456.0
489008005120.0
489638756352.0
486946209792.0
481457340416.0
478513397760.0
474191265792.0
475586232320.0
473811091456.0
468304723968.0
470244392960.0
464633921536.0
464255516672.0
465437360128.0
460906496000.0
459213996032.0
457110093824.0
465151066112.0
465196744704.0
448508002304.0
448897941504.0
445520216064.0
446529273856.0
451262808064.0
448083296256.0
448120455168.0
442243481600.0
442343161856.0
441686949888.0
446621679616.0
445529554944.0
436819558400.0
433393369088.0
430453948416.0
430575878144.0
428447956992.0
425553559552.0
427202347008.0
429127761920.0
425643147264.0
426011983872.0
431650308096.0
421297389568.0
415298453504.0
418381824000.0
417437515776.0
410454130688.0
409757384704.0
409253904384.0
412299329536.0
418500116480.0
411226144768.0
410134478848.0
409700368384.0
407094165504.0
406891266048.0
406249766912.0
401561583616.0
406731816960.0
408246616064.0
401399676928.0
402021875712.0
398370373632.0
397526958080.0
393341239296.0
395546689536.0
392838184960.0
397802733568.0
391755137024.0
391707918336.0
389494636544.0
388201676800.0
393548333056.0
392958672896.0
386918645760.0
385057849344.0
386717581312.0
384384761856.0
385857355776.0
383851134976.0
384264634368.0
380224274432.0
379051409408.0
382074748928.0
377925238784.0
372658208768.0
374916481024.0
370004885504.0
379713421312.0
374321053696.0
374595551232.0
367382298624.0
365878411264.0
365223051264.0
365255917568.0
366511652864.0
364737265664.0
363594448896.0
359096385536.0
359717863424.0
360468119552.0
358397345792.0
355640901632.0
354878586880.0
358152732672.0
355087187968.0
356988157952.0
353771782144.0
350822400000.0
352737656832.0
351500042240.0
346402717696.0
351736528896.0
348566585344.0
344307957760.0
343665639424.0
344826347520.0
343950819328.0
343913660416.0
343674978304.0
347946156032.0
346922582016.0
341784723456.0
340549959680.0
340140294144.0
338119393280.0
340512636928.0
338925682688.0
335503294464.0
349878550528.0
342230204416.0
334427422720.0
333874233344.0
333778124800.0
332663455744.0
335147368448.0
331047108608.0
332126355456.0
331324981248.0
329832660992.0
329043574784.0
323625222144.0
322639134720.0
325371559936.0
324918247424.0
325321687040.0
324637360128.0
321972535296.0
318253563904.0
320342327296.0
324747264000.0
317991452672.0
322395635712.0
321274118144.0
319753682944.0
325971869696.0
316837724160.0
315307065344.0
317000450048.0
315790393344.0
316457287680.0
314989608960.0
318580752384.0
322557181952.0
321256488960.0
316708028416.0
321327136768.0
321693319168.0
317684711424.0
314069090304.0
320676429824.0
314733002752.0
313450659840.0
313966297088.0
311438442496.0
311743217664.0
311495426048.0
324074340352.0
317104685056.0
310249652224.0
307802210304.0
308412153856.0
310114648064.0
309064302592.0
308865499136.0
310867492864.0
307986169856.0
308505411584.0
310006382592.0
304125214720.0
311222599680.0
303626649600.0
302957199360.0
302008369152.0
303696084992.0
305186635776.0
305847205888.0
305363386368.0
304679288832.0
302517911552.0
302852603904.0
306588516352.0
308264501248.0
302369177600.0
301997228032.0
301232422912.0
300871122944.0
297627451392.0
301180682240.0
301576552448.0
302267138048.0
297320087552.0
297544515584.0
299062558720.0
303665479680.0
301086408704.0
306908364800.0
298683465728.0
300068143104.0
300044222464.0
296222392320.0
301019922432.0
301490569216.0
296277213184.0
302185250816.0
297557819392.0
295501103104.0
292953620480.0
295884914688.0
297652944896.0
291653484544.0
293247713280.0
293153603584.0
303543549952.0
301292879872.0
290570403840.0
291813130240.0
294387122176.0
294846300160.0
293424529408.0
286924406784.0
285067509760.0
286529323008.0
305763352576.0
292353605632.0
289994670080.0
292821237760.0
295783792640.0
294300680192.0
284759097344.0
284435742720.0
289109639168.0
283833761792.0
282225410048.0
294215254016.0
302218477568.0
288638697472.0
288766492672.0
283598585856.0
282192838656.0
284395405312.0
289770209280.0
281142296576.0
283286208512.0
285424222208.0
281569361920.0
281031475200.0
274750472192.0
281480560640.0
278521577472.0
282534772736.0
281837273088.0
283141439488.0
277274492928.0
276341522432.0
280935530496.0
281193840640.0
273102389248.0
279557832704.0
275112067072.0
277434073088.0
272242163712.0
273615634432.0
275613286400.0
278287679488.0
277508390912.0
281836945408.0
274053808128.0
281461456896.0
276017512448.0
274243649536.0
277226520576.0
281073745920.0
282975764480.0
279565172736.0
274949636096.0
271882289152.0
276724318208.0
267393105920.0
271174270976.0
274334941184.0
273559552000.0
266847813632.0
274302451712.0
267361943552.0
266154491904.0
269389758464.0
268136923136.0
265669427200.0
274415190016.0
271837200384.0
268119769088.0
268264275968.0
274187026432.0
276005978112.0
271294054400.0
266828824576.0
265597255680.0
266740137984.0
267494031360.0
268307251200.0
266106322944.0
279627956224.0
278244950016.0
276917649408.0
266058416128.0
266101948416.0
263142899712.0
265612541952.0
271912370176.0
267264917504.0
268294160384.0
268342460416.0
268449611776.0
265249947648.0
269417857024.0
273373364224.0
265427959808.0
264341585920.0
261730648064.0
263861731328.0
262901530624.0
265356001280.0
262830129152.0
262031360000.0
260888100864.0
274600411136.0
263106576384.0
261213601792.0
263715684352.0
261712379904.0
260848238592.0
263015268352.0
265428434944.0
261136941056.0
264715550720.0
265862348800.0
256621281280.0
266558717952.0
262515523584.0
260507500544.0
262085672960.0
264511946752.0
255768199168.0
265421946880.0
257661370368.0
258143354880.0
256565018624.0
262960709632.0
261724110848.0
260898848768.0
254471700480.0
263717634048.0
270200373248.0
260031021056.0
264282193920.0
257404256256.0
259197173760.0
259079225344.0
263450378240.0
266524786688.0
262934691840.0
258497445888.0
257805746176.0
264576204800.0
254735122432.0
258453192704.0
269922271232.0
251998863360.0
258816573440.0
259210641408.0
256056033280.0
259801612288.0
257462484992.0
251366146048.0
254754865152.0
256731758592.0
256650166272.0
252312797184.0
252357705728.0
252300820480.0
254889377792.0
256584482816.0
255346720768.0
254550179840.0
251195506688.0
258992193536.0
258671181824.0
252033449984.0
252721348608.0
256056279040.0
253309255680.0
257530773504.0
256485261312.0
250259603456.0
251834482688.0
259829301248.0
249537724416.0
256134381568.0
255477989376.0
251488321536.0
249913278464.0
252945678336.0
249427312640.0
250378371072.0
248047075328.0
251487567872.0
253161766912.0
253976068096.0
253298720768.0
255608897536.0
246177562624.0
258463481856.0
253386964992.0
254568022016.0
249856360448.0
249287344128.0
253818585088.0
256193970176.0
254301011968.0
255605211136.0
253388357632.0
249497747456.0
252289122304.0
253493690368.0
246114222080.0
257625341952.0
249895321600.0
251092123648.0
251031060480.0
248174280704.0
251028504576.0
243231948800.0
245281554432.0
246396125184.0
241285758976.0
244812824576.0
241979523072.0
242449661952.0
246334734336.0
243830718464.0
244904132608.0
242821398528.0
242895978496.0
240216588288.0
240979525632.0
237520551936.0
241677385728.0
239787343872.0
244262551552.0
238116339712.0
247067475968.0
242791366656.0
238398701568.0
238188003328.0
240394960896.0
243769999360.0
242891456512.0
243580682240.0
247310221312.0
249424314368.0
239055470592.0
242292932608.0
240242098176.0
237944422400.0
240907993088.0
241812766720.0
239113404416.0
240688168960.0
239347122176.0
239892742144.0
241294704640.0
239474786304.0
237008732160.0
238343061504.0
236096585728.0
237429293056.0
236524142592.0
240956866560.0
240080076800.0
240410214400.0
237640663040.0
237073858560.0
236128845824.0
236346671104.0
243071778816.0
248084627456.0
237862715392.0
237413302272.0
235466031104.0
234161340416.0
239280750592.0
237910818816.0
247204462592.0
244379140096.0
235949293568.0
235024531456.0
234664165376.0
235628429312.0
240698818560.0
243130548224.0
237384826880.0
235577769984.0
233050521600.0
233731588096.0
236179259392.0
236057624576.0
232497086464.0
240607363072.0
242237243392.0
233233416192.0
234859429888.0
236093734912.0
234106896384.0
232327462912.0
235924586496.0
232856027136.0
232212709376.0
235595759616.0
238056357888.0
237065502720.0
229988368384.0
229960564736.0
232870117376.0
232943484928.0
236073418752.0
234934796288.0
234030383104.0
233251241984.0
236077219840.0
236433047552.0
242686328832.0
238241169408.0
235870257152.0
230773325824.0
231644954624.0
231175225344.0
230780813312.0
239641886720.0
232672952320.0
229444288512.0
235463835648.0
230197608448.0
231513587712.0
232893677568.0
229149081600.0
227370450944.0
234029023232.0
231626735616.0
229481873408.0
229017255936.0
232458420224.0
235427397632.0
233441329152.0
228718411776.0
237941161984.0
236556713984.0
241675157504.0
230879264768.0
236759318528.0
229149999104.0
228537204736.0
230615187456.0
228579803136.0
226072264704.0
231983513600.0
227720527872.0
224596951040.0
227027877888.0
226212478976.0
225523040256.0
229215830016.0
231455850496.0
237395591168.0
230661488640.0
229028364288.0
227189686272.0
228568268800.0
227140141056.0
227724296192.0
227042656256.0
228433756160.0
227113762816.0
225210449920.0
227230302208.0
233750249472.0
222760157184.0
225967456256.0
225442824192.0
223957483520.0
223445909504.0
219711045632.0
219351678976.0
219620458496.0
219616772096.0
215909351424.0
218392723456.0
213647458304.0
218168197120.0
219655503872.0
211160432640.0
205260177408.0
204963676160.0
214346973184.0
219646984192.0
206305312768.0
208097902592.0
203465818112.0
205427539968.0
203171348480.0
203311005696.0
204291964928.0
200465104896.0
196620091392.0
206661976064.0
199623114752.0
197232967680.0
197020385280.0
197363662848.0
197360484352.0
195528933376.0
192395182080.0
195460300800.0
193230372864.0
193875050496.0
196710563840.0
194503507968.0
193790836736.0
198852771840.0
192491323392.0
190400102400.0
194414559232.0
192379158528.0
197752455168.0
196945838080.0
192512917504.0
193263484928.0
189382623232.0
191928582144.0
184671272960.0
195910926336.0
197963055104.0
190651072512.0
193786118144.0
193334509568.0
189968285696.0
195572203520.0
197835292672.0
188852633600.0
193871626240.0
189763911680.0
200157003776.0
196430364672.0
191453265920.0
187017035776.0
194761441280.0
187474247680.0
189349068800.0
192617381888.0
199698497536.0
192563003392.0
198974898176.0
198179225600.0
192643727360.0
196892917760.0
193928724480.0
196729765888.0
194849734656.0
188305850368.0
192323174400.0
191647875072.0
194773024768.0
188640100352.0
191920783360.0
190019043328.0
189771743232.0
190899126272.0
181750693888.0
196705714176.0
185999261696.0
186048577536.0
198913966080.0
184045748224.0
185793462272.0
193879506944.0
183504879616.0
191236931584.0
185401507840.0
194168291328.0
181484503040.0
188080832512.0
192638517248.0
187941978112.0
190919032832.0
191739232256.0
192574767104.0
185470779392.0
190882168832.0
187934785536.0
190381621248.0
191828885504.0
187239792640.0
185442598912.0
187273707520.0
186021707776.0
186436681728.0
194271739904.0
185726681088.0
183245144064.0
187966586880.0
189588881408.0
188844490752.0
185125961728.0
196562255872.0
185744261120.0
196104454144.0
186562592768.0
183002824704.0
191332909056.0
187678949376.0
190395219968.0
186233405440.0
188808331264.0
205269794816.0
184630525952.0
191402377216.0
191795118080.0
188892135424.0
185485950976.0
185984122880.0
198239617024.0
189020536832.0
186669760512.0
181403058176.0
182366470144.0
190552227840.0
190247895040.0
195699572736.0
183014932480.0
183956340736.0
184101699584.0
186293518336.0
182749888512.0
188271411200.0
186126991360.0
186047922176.0
183316398080.0
182854139904.0
188219015168.0
182698033152.0
183195385856.0
185314639872.0
181932802048.0
184110972928.0
178858983424.0
181160804352.0
182823976960.0
185684590592.0
190589861888.0
178920718336.0
181833826304.0
175829942272.0
174393868288.0
185974439936.0
180207026176.0
184990679040.0
178854395904.0
191018090496.0
190665097216.0
184275075072.0
192688603136.0
185143017472.0
192396230656.0
179339575296.0
184721080320.0
178260901888.0
177794908160.0
189714628608.0
185318277120.0
192394428416.0
180292616192.0
187088420864.0
180828340224.0
176226238464.0
178394234880.0
190680694784.0
182057910272.0
174497923072.0
176816701440.0
179681525760.0
185652707328.0
174068498432.0
181371863040.0
178601754624.0
181836578816.0
179796983808.0
183696474112.0
181573025792.0
179533774848.0
177177329664.0
174427668480.0
188636921856.0
182365503488.0
179980353536.0
183871275008.0
180054933504.0
181585362944.0
174502215680.0
184017256448.0
182764126208.0
173126057984.0
172508413952.0
183064625152.0
179600146432.0
175792963584.0
180769013760.0
182451535872.0
174103969792.0
173850951680.0
179362398208.0
183843880960.0
178137530368.0
173613645824.0
174693941248.0
179770490880.0
177311301632.0
177496621056.0
180875509760.0
175247458304.0
177304141824.0
183326916608.0
175416623104.0
178918440960.0
180283916288.0
180056276992.0
181664202752.0
177967661056.0
179507625984.0
180438990848.0
178968543232.0
176711974912.0
175701999616.0
173777944576.0
180709785600.0
180064583680.0
178096046080.0
173799555072.0
178051612672.0
175128035328.0
171350360064.0
173244907520.0
175854043136.0
180842987520.0
176540483584.0
182462283776.0
174410104832.0
173732052992.0
168834973696.0
174555578368.0
194022539264.0
177698209792.0
168439529472.0
168939225088.0
168389885952.0
169661792256.0
169202876416.0
172147277824.0
174153023488.0
173626523648.0
176148283392.0
177226563584.0
179694026752.0
168484929536.0
173867761664.0
169945333760.0
175044132864.0
171060264960.0
176651173888.0
174691876864.0
169908731904.0
175387639808.0
178529304576.0
172434079744.0
165979635712.0
171038081024.0
171405049856.0
171959205888.0
171742838784.0
180163903488.0
168473559040.0
170829283328.0
173239402496.0
171120230400.0
170886791168.0
169705701376.0
171319492608.0
172510691328.0
170475388928.0
173148012544.0
168276672512.0
177173200896.0
168554135552.0
172939870208.0
167590559744.0
170670686208.0
173818019840.0
167757004800.0
168779694080.0
175996436480.0
173321060352.0
170206724096.0
166523469824.0
178308333568.0
177341464576.0
167085178880.0
169557098496.0
171405377536.0
174788886528.0
173518585856.0
167940292608.0
170248044544.0
172327665664.0
173970440192.0
165837750272.0
173856849920.0
166310363136.0
173496500224.0
169880502272.0
174912684032.0
175897165824.0
178162253824.0
174336016384.0
171488051200.0
171977146368.0
173776666624.0
173801832448.0
176997662720.0
175504359424.0
169932029952.0
168575205376.0
175321841664.0
178231869440.0
175141765120.0
180836368384.0
167369900032.0
172555993088.0
171917836288.0
169039527936.0
176834871296.0
170922934272.0
169851453440.0
178430148608.0
174983495680.0
178252447744.0
173080739840.0
173275447296.0
173613219840.0
176993796096.0
172280184832.0
175408939008.0
172436946944.0
167001063424.0
172423282688.0
168874737664.0
172641812480.0
178021187584.0
174272708608.0
177012473856.0
170873487360.0
174873526272.0
173053919232.0
171899289600.0
179201179648.0
177864589312.0
180631552000.0
174398930944.0
172158058496.0
173245071360.0
173403865088.0
176554999808.0
171986780160.0
172944850944.0
170167533568.0
171593170944.0
169621422080.0
171967709184.0
179519029248.0
173061963776.0
168344223744.0
167057588224.0
166952009728.0
168112816128.0
173878935552.0
166947504128.0
167594508288.0
168817131520.0
170344808448.0
174464401408.0
172297043968.0
166960332800.0
170451124224.0
170269769728.0
166898696192.0
172293324800.0
174225850368.0
169322414080.0
168330297344.0
174026031104.0
164406099968.0
166807896064.0
168195424256.0
179032588288.0
170598531072.0
168825094144.0
165486919680.0
169571090432.0
172708560896.0
168428142592.0
172216877056.0
172969295872.0
177849040896.0
173570523136.0
167603322880.0
174926430208.0
169719496704.0
172772851712.0
168871428096.0
165426462720.0
165604294656.0
162686992384.0
178863865856.0
164750475264.0
164882432000.0
175665905664.0
162955051008.0
163572596736.0
163568418816.0
166109151232.0
172676022272.0
165460230144.0
164326146048.0
165436850176.0
167415218176.0
164680105984.0
160875839488.0
165234507776.0
162341765120.0
167300726784.0
162817523712.0
168939880448.0
165901828096.0
164417355776.0
166587400192.0
164095688704.0
167436894208.0
165635784704.0
170418176000.0
179005210624.0
168351891456.0
170125770752.0
167914635264.0
164616503296.0
167425949696.0
166015614976.0
169659531264.0
165592662016.0
168328593408.0
166056443904.0
167598407680.0
165510529024.0
167894908928.0
166965100544.0
165889540096.0
162443509760.0
162066432000.0
162213937152.0
159997558784.0
161227145216.0
162400649216.0
163508338688.0
159472484352.0
161006239744.0
158904483840.0
165118738432.0
160876560384.0
166048628736.0
163976970240.0
161547419648.0
167019577344.0
163397337088.0
161533820928.0
164499079168.0
168388804608.0
169424781312.0
170315841536.0
170043293696.0
161501511680.0
161466499072.0
164360388608.0
168811823104.0
166515556352.0
165507842048.0
163066904576.0
165322063872.0
165009981440.0
163880402944.0
163397779456.0
164106371072.0
164216373248.0
166759415808.0
161973010432.0
160219578368.0
163805184000.0
165465899008.0
165026004992.0
165683593216.0
169640230912.0
165643878400.0
167162478592.0
160805470208.0
166266060800.0
165689245696.0
161612038144.0
170529325056.0
167145095168.0
163668082688.0
159836602368.0
161886060544.0
164255350784.0
161515569152.0
162377678848.0
164551557120.0
166681591808.0
167237271552.0
162157330432.0
164196843520.0
161528463360.0
163551150080.0
164217946112.0
165721145344.0
162447327232.0
162545958912.0
163771383808.0
165763825664.0
162392670208.0
162800697344.0
165014077440.0
162625994752.0
170839228416.0
165495537664.0
167484325888.0
171558010880.0
162497544192.0
163955277824.0
161126809600.0
157962108928.0
165510332416.0
161010417664.0
157774544896.0
159346180096.0
164094951424.0
160765280256.0
167760461824.0
159046811648.0
174933704704.0
163714695168.0
162498625536.0
163894296576.0
163133194240.0
167955922944.0
163506651136.0
162491940864.0
160995786752.0
157778313216.0
179149242368.0
165151342592.0
166511656960.0
162439675904.0
160233881600.0
156947841024.0
164311924736.0
164062920704.0
160799621120.0
169187688448.0
162687205376.0
155876720640.0
166695403520.0
161535164416.0
163229106176.0
158760632320.0
159308890112.0
158397693952.0
164672307200.0
163073359872.0
167094648832.0
166513115136.0
160038420480.0
158915067904.0
159921717248.0
163740549120.0
160267911168.0
164879237120.0
165685067776.0
162036645888.0
158229692416.0
164252942336.0
171333812224.0
161056456704.0
159059116032.0
159303467008.0
161266122752.0
170295197696.0
155492679680.0
161792704512.0
166439927808.0
161199357952.0
159225249792.0
161929822208.0
166550536192.0
156336406528.0
159168512000.0
161426554880.0
164416307200.0
160213483520.0
157970841600.0
161474084864.0
165307973632.0
166219104256.0
161178550272.0
160943783936.0
159840206848.0
159788253184.0
163399008256.0
160846151680.0
162124070912.0
163662856192.0
161077936128.0
165397790720.0
158276124672.0
162588131328.0
167394000896.0
166446497792.0
164712562688.0
167345717248.0
168126267392.0
175882534912.0
166609977344.0
172125716480.0
168694579200.0
163109552128.0
167888125952.0
167524745216.0
162565423104.0
162680406016.0
163804790784.0
171741102080.0
165253775360.0
167926726656.0
162838822912.0
157210869760.0
162899951616.0
161485406208.0
160261292032.0
171122540544.0
160954531840.0
161207664640.0
168079228928.0
163602792448.0
163805872128.0
170819878912.0
167626506240.0
167189020672.0
174501183488.0
164083433472.0
169808576512.0
168332705792.0
168876949504.0
167592132608.0
165756829696.0
171774263296.0
168114274304.0
164990189568.0
178708021248.0
170785308672.0
169196355584.0
172887277568.0
174160560128.0
177257906176.0
162785099776.0
165336186880.0
170747510784.0
174882979840.0
164410327040.0
168341569536.0
169524576256.0
170940743680.0
178689835008.0
168722366464.0
167132020736.0
172836552704.0
166320242688.0
164514136064.0
161147092992.0
168084111360.0
177856315392.0
170979016704.0
165780062208.0
169960833024.0
164319641600.0
157595795456.0
168400633856.0
155826913280.0
157437591552.0
168314830848.0
157841817600.0
165837176832.0
169003679744.0
169054044160.0
166232866816.0
166338576384.0
168630321152.0
166979993600.0
198080036864.0
175462154240.0
170832560128.0
173032472576.0
171973836800.0
161597145088.0
198397558784.0
191581814784.0
163555704832.0
168470003712.0
167422459904.0
163295248384.0
177122639872.0
191339921408.0
175581102080.0
168540946432.0
167405338624.0
165226004480.0
171804622848.0
176818847744.0
173374111744.0
174069055488.0
166756122624.0
165047205888.0
162314125312.0
155204993024.0
153943310336.0
160629571584.0
163571367936.0
159597838336.0
158134222848.0
156632842240.0
161486618624.0
155352481792.0
157786963968.0
159890489344.0
160603963392.0
163019882496.0
156208807936.0
160728121344.0
159180996608.0
157956816896.0
154784202752.0
159657377792.0
159316967424.0
155264008192.0
156079144960.0
157779460096.0
159030034432.0
163134570496.0
158560124928.0
154742259712.0
160103268352.0
157785309184.0
158662557696.0
169332408320.0
156962947072.0
156732899328.0
158136434688.0
153639813120.0
152703762432.0
155237482496.0
158144512000.0
155569799168.0
155337637888.0
158212472832.0
160775127040.0
161445117952.0
163767844864.0
161378172928.0
157728768000.0
159919144960.0
155763605504.0
158018912256.0
157911449600.0
156516220928.0
159104237568.0
153488015360.0
154060259328.0
158280253440.0
170923360256.0
152832720896.0
162287796224.0
163969761280.0
151602659328.0
151268851712.0
157210509312.0
155762393088.0
152506089472.0
158413488128.0
162351955968.0
153260572672.0
151730028544.0
157829595136.0
158125391872.0
150950494208.0
156240707584.0
156517646336.0
154611253248.0
150744137728.0
156409954304.0
155908505600.0
150973775872.0
155102756864.0
154346520576.0
161189855232.0
158705860608.0
159188582400.0
156036792320.0
156614623232.0
157104340992.0
157586554880.0
153763708928.0
168889810944.0
157242425344.0
152220139520.0
157221552128.0
163000369152.0
159030116352.0
157362552832.0
164793040896.0
153566969856.0
155754725376.0
158796906496.0
162495037440.0
152081694720.0
163837214720.0
153960873984.0
153923305472.0
151314300928.0
158644797440.0
149601484800.0
157705175040.0
162463465472.0
152781651968.0
159810125824.0
159462014976.0
150128197632.0
155173208064.0
151352508416.0
155251998720.0
151691476992.0
156577415168.0
157527932928.0
151889428480.0
150636036096.0
152152113152.0
160348127232.0
152551030784.0
152861163520.0
153088180224.0
157959159808.0
153440845824.0
156712501248.0
153139904512.0
160142327808.0
150464675840.0
155896856576.0
156178644992.0
150189473792.0
160635420672.0
153001984000.0
155109195776.0
155755839488.0
152078352384.0
159883493376.0
152407048192.0
161923858432.0
153502973952.0
157880418304.0
159511396352.0
157975150592.0
152908496896.0
154529218560.0
168639643648.0
158102765568.0
155796717568.0
151711055872.0
150904537088.0
156448997376.0
158122557440.0
153864126464.0
159075401728.0
151394222080.0
156887547904.0
165426692096.0
150381936640.0
156078112768.0
155716288512.0
158086463488.0
168614182912.0
155340554240.0
156624224256.0
158539235328.0
148582301696.0
150124036096.0
151920803840.0
151539449856.0
157248110592.0
158114054144.0
154629390336.0
159976062976.0
150444064768.0
153300320256.0
161630355456.0
158746329088.0
154694221824.0
151687970816.0
150507044864.0
151322411008.0
149571043328.0
157479862272.0
157445619712.0
155227521024.0
163241951232.0
151205363712.0
151876190208.0
153879183360.0
154951254016.0
152089591808.0
161480048640.0
150757015552.0
171266834432.0
157284761600.0
154489356288.0
164625563648.0
152454234112.0
168747630592.0
165775015936.0
151729782784.0
164291739648.0
159301107712.0
156935258112.0
175054553088.0
167609827328.0
172636471296.0
163801071616.0
154795376640.0
159599214592.0
172187910144.0
156638969856.0
156301918208.0
157883891712.0
161050951680.0
166192971776.0
155504803840.0
156840902656.0
156168372224.0
154362118144.0
157487841280.0
149817032704.0
160890208256.0
158191730688.0
158663999488.0
150448766976.0
155402240000.0
151208886272.0
152737218560.0
162634956800.0
154557120512.0
158644486144.0
154437189632.0
151233527808.0
149401911296.0
153573785600.0
160250560512.0
154461503488.0
159247007744.0
155158888448.0
153738248192.0
152633622528.0
150946578432.0
159077957632.0
161765490688.0
157257007104.0
153001345024.0
158834327552.0
151049289728.0
160144949248.0
156139995136.0
151836590080.0
160587644928.0
161202257920.0
160900448256.0
166423920640.0
152421203968.0
155643822080.0
147112001536.0
152895619072.0
149892939776.0
151535255552.0
149237645312.0
154301693952.0
149092204544.0
148198391808.0
148479852544.0
155936342016.0
153057820672.0
151621779456.0
155629158400.0
148161478656.0
149769814016.0
150747348992.0
153200230400.0
151557521408.0
158044749824.0
151986454528.0
151961354240.0
152996446208.0
149603909632.0
151886233600.0
164400218112.0
152805736448.0
153659703296.0
147786907648.0
151039557632.0
152517820416.0
148621443072.0
153261441024.0
148507459584.0
149982543872.0
148523450368.0
151333339136.0
151216390144.0
157162455040.0
150445572096.0
146719195136.0
146371641344.0
147044564992.0
162017329152.0
147892699136.0
147791249408.0
149951447040.0
147831619584.0
148071940096.0
152002478080.0
147457163264.0
149873459200.0
155523072000.0
148585644032.0
149991915520.0
148620804096.0
147822116864.0
153901350912.0
145681137664.0
150281961472.0
148787101696.0
147881918464.0
155812265984.0
148003782656.0
145919803392.0
151034904576.0
146737807360.0
148411056128.0
148808155136.0
147349618688.0
148598046720.0
150664609792.0
146480775168.0
148121190400.0
147456688128.0
152155373568.0
151419781120.0
151221403648.0
149500936192.0
150830661632.0
149189132288.0
150463021056.0
161281048576.0
158225530880.0
149051916288.0
146861260800.0
149955723264.0
149861695488.0
152112562176.0
153659572224.0
155303116800.0
148485144576.0
148554661888.0
152858591232.0
149283110912.0
150562603008.0
147254231040.0
147676954624.0
152097685504.0
149269495808.0
150140321792.0
149483978752.0
149824962560.0
152442765312.0
152915083264.0
150126166016.0
150468689920.0
146558550016.0
154452148224.0
151245012992.0
150290825216.0
152389828608.0
151270948864.0
150073180160.0
153555304448.0
155924234240.0
146722160640.0
153808797696.0
150396207104.0
149229436928.0
151389306880.0
157880500224.0
158433378304.0
151064461312.0
158885969920.0
151671799808.0
159810224128.0
167712112640.0
154676461568.0
151928324096.0
154487455744.0
155737817088.0
155213578240.0
149589098496.0
166573719552.0
147581861888.0
153133858816.0
156194848768.0
157275324416.0
166865108992.0
161930313728.0
157847945216.0
172752486400.0
159973343232.0
158005952512.0
158596284416.0
144262266880.0
156241526784.0
149978284032.0
154896105472.0
152633933824.0
151243685888.0
151976345600.0
151315431424.0
150661988352.0
159869894656.0
150435921920.0
156657451008.0
154311950336.0
146730745856.0
150459940864.0
146173771776.0
147046662144.0
148567654400.0
143319760896.0
145237245952.0
144578166784.0
151977885696.0
158926929920.0
150341173248.0
150489300992.0
154641989632.0
153889226752.0
152392630272.0
149815951360.0
161785315328.0
156322004992.0
155172323328.0
159046270976.0
154991755264.0
149783674880.0
151654203392.0
147693993984.0
151107829760.0
149419655168.0
159040110592.0
146786402304.0
147625050112.0
146040061952.0
148549697536.0
152327569408.0
145969119232.0
147954270208.0
147137511424.0
147110658048.0
148659961856.0
148713373696.0
151727767552.0
149034565632.0
150303866880.0
146016059392.0
145726013440.0
147079102464.0
149878374400.0
154766245888.0
147086016512.0
146562039808.0
152584880128.0
148043743232.0
149258354688.0
148242022400.0
146688868352.0
148300791808.0
143958605824.0
148110213120.0
147951894528.0
145006706688.0
145424154624.0
148314849280.0
147287769088.0
153308561408.0
145900142592.0
147921436672.0
146069061632.0
146343329792.0
152550473728.0
147884310528.0
145125867520.0
144044425216.0
149849079808.0
147928924160.0
145441325056.0
145504272384.0
150359523328.0
147614023680.0
147751059456.0
149471920128.0
152302288896.0
148003192832.0
152119787520.0
147960086528.0
149545844736.0
146068504576.0
142507737088.0
152406245376.0
146221891584.0
142355267584.0
148784676864.0
147045597184.0
143329935360.0
146336497664.0
145978556416.0
142772076544.0
145795235840.0
143513927680.0
154238025728.0
140691668992.0
152185159680.0
144920936448.0
144283140096.0
150190030848.0
145526161408.0
142659944448.0
156783902720.0
155398619136.0
141372342272.0
141479821312.0
138854137856.0
141489373184.0
144578985984.0
142216036352.0
143889367040.0
147899760640.0
140963921920.0
140812107776.0
140385206272.0
138290921472.0
142990409728.0
149124120576.0
143818784768.0
140818432000.0
139314905088.0
141754400768.0
141553991680.0
141209763840.0
146415845376.0
143768125440.0
142274134016.0
139806736384.0
140585943040.0
147001081856.0
142655913984.0
145503223808.0
140811501568.0
140415975424.0
140421414912.0
139753095168.0
138859986944.0
139954061312.0
143408578560.0
142776778752.0
144047767552.0
141582467072.0
141070024704.0
140674416640.0
140206800896.0
143960555520.0
143943270400.0
141681442816.0
140859211776.0
137343614976.0
142518714368.0
142772502528.0
142223245312.0
142980317184.0
145726963712.0
143706177536.0
140534661120.0
141032620032.0
138676731904.0
142734737408.0
140934234112.0
147355238400.0
142545321984.0
140727877632.0
138100768768.0
140225183744.0
137326927872.0
138339467264.0
137996369920.0
140783288320.0
138912169984.0
138698588160.0
139707514880.0
137359900672.0
143431073792.0
146641551360.0
139382030336.0
139342200832.0
141121290240.0
147824672768.0
142512340992.0
147948077056.0
141380599808.0
136844951552.0
138358128640.0
145132322816.0
141269303296.0
140716474368.0
139852972032.0
139740938240.0
136946761728.0
147910770688.0
137966059520.0
142595227648.0
146282512384.0
142429913088.0
140912902144.0
139751964672.0
139691278336.0
141898612736.0
140772835328.0
140617416704.0
143251013632.0
139609243648.0
145456988160.0
141261504512.0
140443353088.0
144860758016.0
148379009024.0
142005305344.0
141481590784.0
146043404288.0
143263744000.0
140317016064.0
151792599040.0
150446342144.0
146159861760.0
141047988224.0
138446274560.0
138909777920.0
141255114752.0
144233070592.0
148088930304.0
138695589888.0
139576573952.0
138613997568.0
136352759808.0
140406915072.0
151066656768.0
141384646656.0
144386686976.0
139614224384.0
140235603968.0
142148075520.0
147299598336.0
142786035712.0
148779663360.0
145407115264.0
143584739328.0
150853189632.0
141433749504.0
144521134080.0
145465278464.0
150899294208.0
155535835136.0
144374005760.0
152916787200.0
153236537344.0
146614321152.0
144604905472.0
144707125248.0
140512935936.0
146706759680.0
145769758720.0
150278242304.0
142477492224.0
144966615040.0
161420673024.0
148296597504.0
148013842432.0
143558180864.0
141188939776.0
144364552192.0
154349682688.0
143606546432.0
145490558976.0
150388719616.0
145403183104.0
144692510720.0
152911036416.0
146958024704.0
146068439040.0
149422735360.0
141054885888.0
143119106048.0
147885146112.0
150881239040.0
142340866048.0
146832785408.0
140431441920.0
141057163264.0
141532217344.0
142003339264.0
142519336960.0
147878739968.0
143564718080.0
141813743616.0
141003440128.0
153106382848.0
140892471296.0
141142687744.0
143650029568.0
144188882944.0
138106290176.0
141719224320.0
145324032000.0
137966010368.0
139530272768.0
140133236736.0
143599828992.0
136978915328.0
140706004992.0
142043185152.0
140950601728.0
138207428608.0
141130629120.0
143117549568.0
139068899328.0
148135460864.0
145191649280.0
140597067776.0
141126238208.0
142766931968.0
149521301504.0
147294945280.0
142970863616.0
141015859200.0
145911513088.0
149057339392.0
147597443072.0
141560807424.0
144399138816.0
139200987136.0
139605508096.0
147369213952.0
142094647296.0
141489733632.0
137001541632.0
142430486528.0
140035964928.0
136385740800.0
148974895104.0
141825228800.0
138391650304.0
144021520384.0
141203111936.0
146006425600.0
143454027776.0
137641132032.0
135707754496.0
141058867200.0
143561900032.0
141801865216.0
142650834944.0
141685194752.0
138166075392.0
144928374784.0
148503658496.0
137376129024.0
138956308480.0
137618767872.0
145538318336.0
141063798784.0
139216912384.0
143731228672.0
138254155776.0
139875155968.0
137417416704.0
137951592448.0
142063124480.0
142618918912.0
140263931904.0
138376085504.0
138361307136.0
143772614656.0
136664121344.0
144849780736.0
139511857152.0
147901267968.0
138700292096.0
148597374976.0
139225956352.0
138382131200.0
141087457280.0
142967685120.0
141930070016.0
136862826496.0
139087020032.0
144489496576.0
144170713088.0
139857100800.0
140624658432.0
139736186880.0
147039027200.0
144237330432.0
142404550656.0
139343888384.0
142393868288.0
136313962496.0
138908008448.0
141809811456.0
139389173760.0
138986291200.0
141799292928.0
148362395648.0
138191421440.0
144406839296.0
141751058432.0
141771587584.0
147101925376.0
141014073344.0
144217030656.0
144736419840.0
146984828928.0
146221694976.0
143166210048.0
140628377600.0
142949580800.0
140987596800.0
142794522624.0
144431644672.0
143511191552.0
139343380480.0
149971828736.0
142616100864.0
142506000384.0
144556883968.0
142857306112.0
153583845376.0
143257403392.0
155137933312.0
142636744704.0
151905878016.0
148665827328.0
140089999360.0
145726980096.0
142900412416.0
145074487296.0
146734694400.0
144073097216.0
141131612160.0
146681626624.0
149546074112.0
158066065408.0
148846919680.0
145753374720.0
152076124160.0
144936173568.0
158663655424.0
156840624128.0
151913824256.0
142767587328.0
145705926656.0
152928550912.0
147185729536.0
157161488384.0
149961900032.0
143613952000.0
146745311232.0
143904505856.0
149581594624.0
152055480320.0
152329879552.0
149959901184.0
151307288576.0
152129273856.0
145858871296.0
149766602752.0
149092515840.0
145214849024.0
145003429888.0
152347475968.0
145413734400.0
139330715648.0
143319334912.0
146443862016.0
144034660352.0
155704590336.0
157974953984.0
149065269248.0
153099337728.0
145763008512.0
146428690432.0
143060615168.0
156029222912.0
155302477824.0
147178225664.0
146215436288.0
151568613376.0
146806276096.0
154349731840.0
157010542592.0
145005641728.0
152668291072.0
146353160192.0
150033350656.0
144793305088.0
167394263040.0
146576048128.0
144625238016.0
143674572800.0
146373771264.0
161749630976.0
146521030656.0
145612193792.0
145047896064.0
142837891072.0
150180036608.0
150365831168.0
152634933248.0
145623678976.0
142890991616.0
151841210368.0
156436774912.0
155587084288.0
147146522624.0
149574238208.0
151131029504.0
160078594048.0
146321620992.0
144639393792.0
155055259648.0
146301124608.0
138492461056.0
147002261504.0
146428379136.0
144158752768.0
139075043328.0
143339421696.0
145286529024.0
142921547776.0
143494037504.0
143341256704.0
140135202816.0
143623716864.0
142445985792.0
138763403264.0
142338228224.0
144867688448.0
143902408704.0
144568614912.0
139824414720.0
139461230592.0
139770462208.0
139005755392.0
146248597504.0
141742145536.0
138521837568.0
144136175616.0
141621313536.0
142168113152.0
142461992960.0
143031943168.0
141245349888.0
138982031360.0
142143815680.0
141963051008.0
140518260736.0
138985046016.0
137030664192.0
137831645184.0
143223930880.0
138466033664.0
137557393408.0
143558148096.0
142302822400.0
139277582336.0
137800155136.0
146410438656.0
141395279872.0
142157742080.0
141397983232.0
135158906880.0
139544199168.0
146830983168.0
136840495104.0
136982511616.0
132919623680.0
138117595136.0
139263787008.0
139066605568.0
136492318720.0
146202394624.0
134886457344.0
138157146112.0
139240865792.0
139781636096.0
138913136640.0
142903328768.0
140695404544.0
137346875392.0
135472685056.0
138301472768.0
143023144960.0
137862316032.0
141394067456.0
135700979712.0
137587425280.0
135568343040.0
141857882112.0
136598634496.0
136931598336.0
144020307968.0
137947512832.0
140616237056.0
139671388160.0
141892337664.0
141526073344.0
140903972864.0
141122895872.0
144482205696.0
137103917056.0
138296737792.0
142246035456.0
141550059520.0
149605810176.0
139916214272.0
142291714048.0
139029610496.0
148521680896.0
144238559232.0
143816458240.0
142136393728.0
147402850304.0
147211862016.0
141820542976.0
147334922240.0
146093162496.0
150692298752.0
144540073984.0
144102014976.0
143973416960.0
143266856960.0
149881176064.0
141918371840.0
144619683840.0
145791238144.0
140971491328.0
145402724352.0
144276586496.0
144361848832.0
141802029056.0
141916192768.0
155519811584.0
153131761664.0
141871202304.0
141095501824.0
140463767552.0
150260760576.0
144992436224.0
145152278528.0
143092973568.0
142219395072.0
141008666624.0
141575979008.0
137358925824.0
143089631232.0
141509050368.0
146426347520.0
139311218688.0
144511729664.0
140797542400.0
147101941760.0
142363197440.0
147821756416.0
154184876032.0
147730300928.0
144594239488.0
146711838720.0
144082173952.0
140772950016.0
152718934016.0
153344901120.0
137446752256.0
136109056000.0
142775681024.0
157851336704.0
141522731008.0
149161033728.0
153449529344.0
152443371520.0
143888908288.0
138741219328.0
142090256384.0
151999217664.0
151261462528.0
156672098304.0
145622761472.0
142999093248.0
140305694720.0
144323526656.0
148984381440.0
149565964288.0
153279397888.0
143715893248.0
139100684288.0
140617842688.0
149014315008.0
144303685632.0
144183394304.0
150220718080.0
140047826944.0
150172844032.0
153457229824.0
151903830016.0
147280068608.0
143315419136.0
138802511872.0
136206958592.0
144073441280.0
137061703680.0
149273575424.0
144848846848.0
150330245120.0
140826017792.0
139669962752.0
146692997120.0
148503592960.0
156177465344.0
144914251776.0
143596158976.0
159476711424.0
146503237632.0
154323648512.0
146098323456.0
149022015488.0
154436255744.0
165850578944.0
161857093632.0
142114586624.0
139267391488.0
159464652800.0
155527086080.0
143842000896.0
142963851264.0
142652014592.0
142771093504.0
137562341376.0
146493276160.0
139163090944.0
135521992704.0
137989111808.0
150629220352.0
140356157440.0
136570568704.0
144150331392.0
137093201920.0
140143886336.0
150684483584.0
138613129216.0
138349936640.0
145199415296.0
143113781248.0
139197366272.0
139408654336.0
140497895424.0
134040166400.0
142555561984.0
140589678592.0
134206423040.0
141171949568.0
141112262656.0
143199961088.0
137635217408.0
135742799872.0
138358587392.0
139414765568.0
139880071168.0
144770367488.0
137524445184.0
135145881600.0
148474216448.0
136532582400.0
139128291328.0
137623764992.0
134000795648.0
154516881408.0
142020263936.0
144218226688.0
137679126528.0
136657838080.0
141526433792.0
136711110656.0
137694248960.0
139122769920.0
137233825792.0
147811926016.0
135909122048.0
140861210624.0
139930288128.0
135862845440.0
135587717120.0
152963006464.0
140088934400.0
140362874880.0
142530199552.0
136720711680.0
135286046720.0
143123431424.0
148630929408.0
135822622720.0
136792440832.0
136456445952.0
138142433280.0
138096492544.0
138738302976.0
148077248512.0
136740339712.0
138928390144.0
146874793984.0
137141714944.0
148849655808.0
136738643968.0
144860479488.0
137927000064.0
144210755584.0
139727798272.0
139058511872.0
148830846976.0
137065218048.0
141860077568.0
138327195648.0
141067567104.0
148702494720.0
142924759040.0
146531844096.0
138957684736.0
138223828992.0
138015883264.0
141775945728.0
138380378112.0
158455234560.0
149939453952.0
143057485824.0
136572936192.0
132128342016.0
137704210432.0
144992223232.0
136278392832.0
136249868288.0
131891806208.0
131298263040.0
130940911616.0
138850926592.0
138181476352.0
137479487488.0
135613153280.0
134140952576.0
142509572096.0
137264381952.0
138270474240.0
134554943488.0
136433926144.0
142314307584.0
148312784896.0
142632255488.0
142176993280.0
135586103296.0
139251646464.0
141144096768.0
141143556096.0
140393562112.0
147827654656.0
140457705472.0
138972889088.0
144164651008.0
141102972928.0
148018462720.0
140772081664.0
133165350912.0
147812368384.0
146891145216.0
143106605056.0
145616568320.0
141536215040.0
138861821952.0
143302328320.0
141015941120.0
139857231872.0
144414343168.0
136310800384.0
132228628480.0
136427896832.0
145085235200.0
137663414272.0
141727055872.0
133178597376.0
135930626048.0
139616485376.0
137507307520.0
139890524160.0
143058042880.0
137547137024.0
133374205952.0
141660422144.0
132138401792.0
138034036736.0
134172598272.0
133055561728.0
136102256640.0
140701515776.0
139630804992.0
132951588864.0
132627202048.0
134391431168.0
132243996672.0
143898312704.0
136738996224.0
136746098688.0
134164815872.0
132420419584.0
142139752448.0
136655347712.0
141447725056.0
138278305792.0
137488384000.0
135896645632.0
139156094976.0
134732275712.0
139881545728.0
142670856192.0
139215814656.0
134826188800.0
137638346752.0
134325960704.0
134356221952.0
139637981184.0
136477573120.0
141951631360.0
133985714176.0