336899932160.0
336899932160.0
336899932160.0
336899932160.0
276211040256.0
276211040256.0
90592788480.0
5683777536.0
5683777536.0
5683777536.0
5683777536.0
5683777536.0
5683777536.0
5683777536.0
5662345728.0
5507248640.0
5507248640.0
5507248640.0
5482997760.0
5482997760.0
5482997760.0
5482997760.0
5482997760.0
5482997760.0
5482997760.0
5482997760.0
5482997760.0
5482997760.0
5482997760.0
5482997760.0
5482997760.0
5482997760.0
5482997760.0
5482997760.0
5482997760.0
5482997760.0
5482997760.0
5482997760.0
5482997760.0
5482997760.0
5482997760.0
5482997760.0
5921553408.0
5921553408.0
5921553408.0
5921553408.0
5921553408.0
5921553408.0
5921553408.0
5921553408.0
5921553408.0
5482997760.0
5482997760.0
5482997760.0
5482997760.0
5482997760.0
5482997760.0
5482997760.0
5482997760.0
5482997760.0
5482997760.0
5482997760.0
5482997760.0
5482997760.0
5482997760.0
5482997760.0
5482997760.0
5482997760.0
5482997760.0
5482997760.0
5482997760.0
5482997760.0
5482997760.0
5921553408.0
5921553408.0
5921553408.0
5921553408.0
5482997760.0
5482997760.0
5482997760.0
5482997760.0
5482997760.0
5482997760.0
5482997760.0
5482997760.0
5482997760.0
5482997760.0
5482997760.0
5921553408.0
5921553408.0
5482997760.0
5482997760.0
5482997760.0
5482997760.0
5482997760.0
5482997760.0
5921553408.0
5921553408.0
5482997760.0
5482997760.0
5482997760.0
5482997760.0
5482997760.0
5482997760.0
5482997760.0
5482997760.0
5921553408.0
5921553408.0
5482997760.0
5482997760.0
5482997760.0
5482997760.0
5482997760.0
5482997760.0
5921553408.0
5921553408.0
5482997760.0
5482997760.0
5482997760.0
5482997760.0
5482997760.0
5681080832.0
5681080832.0
5681080832.0
5482997760.0
5482997760.0
5482997760.0
5507248640.0
5507248640.0
5507248640.0
5714783744.0
5714783744.0
5507248640.0
5507248640.0
5507248640.0
5714783744.0
5507248640.0
5714783744.0
5507248640.0
5507248640.0
5507248640.0
5507248640.0
5714783744.0
5714783744.0
5507248640.0
5507248640.0
5507248640.0
5581495808.0
5718400000.0
5718400000.0
5718400000.0
5718400000.0
5683777536.0
5817255936.0
5683777536.0
5817255936.0
5817255936.0
5817255936.0
5817255936.0
5683777536.0
5817255936.0
5817255936.0
5683777536.0
5817255936.0
5817255936.0
5817255936.0
5683777536.0
5683777536.0
5817255936.0
5817255936.0
5817255936.0
5817255936.0
5817255936.0
5817255936.0
5683777536.0
5683777536.0
5817255936.0
5817255936.0
5817255936.0
5834553344.0
5834553344.0
5735993344.0
5735993344.0
5834553344.0
5834553344.0
5834553344.0
5834553344.0
5834553344.0
5735993344.0
5735993344.0
5834553344.0
5834553344.0
5834553344.0
5834553344.0
5834553344.0
5834553344.0
5735993344.0
11345602560.0
5286984192.0
5286984192.0
5286984192.0
5286984192.0
5286984192.0
5286984192.0
5286984192.0
5286984192.0
5286984192.0
5286984192.0
5286984192.0
5286984192.0
5286984192.0
5286984192.0
5286984192.0
5286984192.0
5286984192.0
5286984192.0
5286984192.0
5286984192.0
5286984192.0
5286984192.0
5286984192.0
5286984192.0
5286984192.0
5286984192.0
5286984192.0
5286984192.0
5286984192.0
5286984192.0
5286984192.0
5286984192.0
5286984192.0
5286984192.0
5286984192.0
5286984192.0
5286984192.0
5286984192.0
5286984192.0
5286984192.0
5286984192.0
5286984192.0
5286984192.0
5286984192.0
5286984192.0
5286984192.0
5286984192.0
5286984192.0
5286984192.0
5286984192.0
5286984192.0
5286984192.0
5286984192.0
5286984192.0
5286984192.0
5286984192.0
5286984192.0
5286984192.0
5286984192.0
5286984192.0
5286984192.0
5286984192.0
5286984192.0
5286984192.0
5286984192.0
5286984192.0
5286984192.0
5286984192.0
5286984192.0
5286984192.0
5286984192.0
5286984192.0
5286984192.0
5286984192.0
5286984192.0
5286984192.0
5286984192.0
5286984192.0
5286984192.0
5286984192.0
5286984192.0
5286984192.0
5286984192.0
5286984192.0
5286984192.0
5286984192.0
5286984192.0
5286984192.0
5286984192.0
5286984192.0
5286984192.0
5286984192.0
5286984192.0
5286984192.0
5286984192.0
5286984192.0
5286984192.0
5286984192.0
5286984192.0
5286984192.0
5286984192.0
5286984192.0
5286984192.0
5286984192.0
5286984192.0
5286984192.0
5286984192.0
10750575616.0
5286984192.0
5286984192.0
5286984192.0
5286984192.0
5286984192.0
5286984192.0
5286984192.0
5286984192.0
5286984192.0
5286984192.0
5286984192.0
5286984192.0
5286984192.0
5286984192.0
5286984192.0
5286984192.0
5286984192.0
10750575616.0
5286984192.0
5286984192.0
5286984192.0
5286984192.0
5286984192.0
5286984192.0
5286984192.0
5286984192.0
5286984192.0
5286984192.0
5286984192.0
5286984192.0
5286984192.0
5286984192.0
5286984192.0
5286984192.0
5286984192.0
5286984192.0
5286984192.0
5286984192.0
5286984192.0
5286984192.0
10750575616.0
5286984192.0
5286984192.0
5286984192.0
5286984192.0
5286984192.0
5286984192.0
5286984192.0
5286984192.0
5286984192.0
5286984192.0
10251474944.0
5286984192.0
5286984192.0
5286984192.0
10251474944.0
5286984192.0
5286984192.0
5286984192.0
5286984192.0
5286984192.0
5286984192.0
5286984192.0
5286984192.0
5286984192.0
5286984192.0
5286984192.0
10251474944.0
5286984192.0
5286984192.0
5286984192.0
5286984192.0
5286984192.0
5286984192.0
10251474944.0
5286984192.0
5286984192.0
5662636032.0
5662636032.0
4917164544.0
4917164544.0
4917164544.0
4917164544.0
4938727424.0
10203232256.0
4938727424.0
4938727424.0
4938727424.0
4938727424.0
4938727424.0
4938727424.0
4938727424.0
4938727424.0
10203232256.0
4938727424.0
4938727424.0
4938727424.0
4938727424.0
4938727424.0
4938727424.0
4938727424.0
4938727424.0
4938727424.0
10203232256.0
4938727424.0
4938727424.0
4938727424.0
4938727424.0
4938727424.0
4938727424.0
4938727424.0
4938727424.0
10203232256.0
4938727424.0
6719692800.0
4938727424.0
10203232256.0
6719692800.0
6719692800.0
10203232256.0
10203232256.0
4830000128.0
6719692800.0
4830000128.0
4830000128.0
4830000128.0
4830000128.0
4830000128.0
10203232256.0
4830000128.0
4830000128.0
4830000128.0
4830000128.0
4830000128.0
4830000128.0
4830000128.0
4830000128.0
4830000128.0
10203232256.0
4830000128.0
4830000128.0
4830000128.0
4830000128.0
4830000128.0
4830000128.0
4830000128.0
9908668416.0
9908668416.0
4830000128.0
6677977088.0
6677977088.0
6677977088.0
4463683072.0
9908668416.0
9908668416.0
9908668416.0
4463683072.0
4463683072.0
6677977088.0
6677977088.0
4463683072.0
4463683072.0
4463683072.0
4463683072.0
4463683072.0
9908668416.0
4463683072.0
4463683072.0
4463683072.0
9908668416.0
4463683072.0
4463683072.0
4463683072.0
4463683072.0
4463683072.0
4463683072.0
4463683072.0
4463683072.0
9683431424.0
4463683072.0
4463683072.0
4463683072.0
4463683072.0
4463683072.0
4463683072.0
9683431424.0
4463683072.0
4463683072.0
4463683072.0
4463683072.0
4463683072.0
4463683072.0
4463683072.0
9683431424.0
4463683072.0
4463683072.0
4463683072.0
4463683072.0
4463683072.0
4463683072.0
4463683072.0
9683431424.0
4463683072.0
4463683072.0
4463683072.0
4463683072.0
4463683072.0
4463683072.0
4463683072.0
9683431424.0
4463683072.0
4463683072.0
4463683072.0
4463683072.0
4463683072.0
4463683072.0
9683431424.0
4463683072.0
4463683072.0
4463683072.0
4463683072.0
4463683072.0
4485214720.0
4485214720.0
9689999360.0
4485214720.0
4485214720.0
4485214720.0
4485214720.0
4485214720.0
4485214720.0
4485214720.0
9689999360.0
4485214720.0
4485214720.0
4485214720.0
4485214720.0
4485214720.0
4485214720.0
4485214720.0
9689999360.0
4485214720.0
4485173248.0
4485173248.0
4485173248.0
4485173248.0
4485173248.0
11287228416.0
4699827200.0
4699827200.0
4699827200.0
4699827200.0
4699827200.0
4699827200.0
4696884224.0
4696884224.0
4696884224.0
11841406976.0
4696884224.0
4696884224.0
4696884224.0
4696884224.0
4696884224.0
4696884224.0
4696884224.0
11841406976.0
4696884224.0
4696884224.0
4696884224.0
4696884224.0
4696884224.0
4696884224.0
4696884224.0
4696884224.0
4696884224.0
11841406976.0
4696884224.0
4696884224.0
4696884224.0
4696884224.0
4696884224.0
4696884224.0
4696884224.0
4696884224.0
4696884224.0
11841406976.0
4696884224.0
4696884224.0
4696884224.0
4696884224.0
4696884224.0
4696884224.0
4696884224.0
11841406976.0
4696884224.0
4696884224.0
4696884224.0
4696884224.0
4696884224.0
4696884224.0
4696884224.0
8330021888.0
8330021888.0
4696884224.0
4696884224.0
4696884224.0
8330021888.0
4696884224.0
4696884224.0
4696884224.0
4696884224.0
4696884224.0
8330021888.0
8330021888.0
4696884224.0
4696884224.0
4696884224.0
4696884224.0
4696884224.0
4696884224.0
4696884224.0
4696884224.0
8330021888.0
8330021888.0
4696884224.0
4696884224.0
4696884224.0
4696884224.0
4696884224.0
4696884224.0
8330021888.0
8330021888.0
4696884224.0
4696884224.0
4696884224.0
4696884224.0
4696884224.0
4696884224.0
4696884224.0
4696884224.0
8330021888.0
8330021888.0
8330021888.0
4696884224.0
4696884224.0
4696884224.0
4696884224.0
4696884224.0
4696884224.0
4696884224.0
4696884224.0
4696884224.0
4696884224.0
4696884224.0
8330021888.0
8330021888.0
4696884224.0
4696884224.0
4696884224.0
4696884224.0
4696884224.0
4205876224.0
4205876224.0
4205876224.0
8330021888.0
8330021888.0
4205876224.0
4205876224.0
4205876224.0
4205876224.0
4205876224.0
8330021888.0
8330021888.0
4205876224.0
4205876224.0
4205876224.0
4205876224.0
8330021888.0
4205876224.0
8330021888.0
4205876224.0
4205876224.0
4205876224.0
4205876224.0
8330021888.0
8330021888.0
4205876224.0
4205876224.0
4205876224.0
4205876224.0
8330021888.0
8330021888.0
4205876224.0
4205876224.0
4205876224.0
4205876224.0
4205876224.0
8330021888.0
8330021888.0
4205876224.0
4205876224.0
4205876224.0
4205876224.0
4205876224.0
8330021888.0
8330021888.0
8330021888.0
4205876224.0
4205876224.0
4205876224.0
4205876224.0
4205876224.0
4205876224.0
4205876224.0
8330021888.0
8330021888.0
4205876224.0
4205876224.0
4205876224.0
8330021888.0
8330021888.0
4205876224.0
4205876224.0
4205876224.0
4205876224.0
4205876224.0
4205876224.0
8330021888.0
8330021888.0
8330021888.0
4205876224.0
4205876224.0
4205876224.0
4205876224.0
4205876224.0
4205876224.0
4205876224.0
8330021888.0
8330021888.0
8330021888.0
4205876224.0
4205876224.0
4205876224.0
4205876224.0
4205876224.0
4205876224.0
4205876224.0
8330021888.0
8330021888.0
8330021888.0
4205876224.0
4205876224.0
4205876224.0
4205876224.0
4205876224.0
4205876224.0
8330021888.0
8330021888.0
8330021888.0
4205876224.0
4205876224.0
4205876224.0
4205876224.0
4205876224.0
4205876224.0
4205876224.0
8330021888.0
8330021888.0
4205876224.0
4205876224.0
4205876224.0
8330021888.0
8330021888.0
4205876224.0
4205876224.0
4205876224.0
4205876224.0
4205876224.0
4205876224.0
8343777792.0
8343777792.0
8343777792.0
4205876224.0
4205876224.0
4205876224.0
4205876224.0
4205876224.0
4262007296.0
4262007296.0
8343777792.0
8343777792.0
8343777792.0
4262007296.0
4262007296.0
4262007296.0
4262007296.0
4262007296.0
4262007296.0
4262007296.0
8343777792.0
8343777792.0
8343777792.0
4262007296.0
4262007296.0
4262007296.0
4262007296.0
4262007296.0
4262007296.0
8343777792.0
8343777792.0
4262007296.0
4262007296.0
7619946496.0
7619946496.0
7619946496.0
4262007296.0
4262007296.0
4262007296.0
4262007296.0
4262007296.0
4262007296.0
7619946496.0
7619946496.0
7619946496.0
7619946496.0
4262007296.0
4262007296.0
4262007296.0
4262007296.0
4262007296.0
4262007296.0
7619946496.0
7619946496.0
7619946496.0
7619946496.0
4262007296.0
4205876224.0
4205876224.0
4205876224.0
4205876224.0
4205876224.0
7619946496.0
7619946496.0
7619946496.0
4205876224.0
4205876224.0
4205876224.0
7595067392.0
7595067392.0
4205876224.0
4205876224.0
4205876224.0
4205876224.0
7595067392.0
7595067392.0
7595067392.0
4205876224.0
4205876224.0
4205876224.0
4205876224.0
4205876224.0
7595067392.0
7595067392.0
7595067392.0
4205876224.0
4205876224.0
4205876224.0
4205876224.0
7595067392.0
7595067392.0
4205876224.0
4205876224.0
7595067392.0
4205876224.0
4205876224.0
7595067392.0
7595067392.0
4205876224.0
4205876224.0
4205876224.0
4205876224.0
7595067392.0
7595067392.0
7595067392.0
4205876224.0
4205876224.0
4205876224.0
4205876224.0
4205876224.0
7595067392.0
7595067392.0
7595067392.0
4205876224.0
4205876224.0
4205876224.0
4205876224.0
7595067392.0
7595067392.0
7595067392.0
4205876224.0
4205876224.0
4205876224.0
4205876224.0
4205876224.0
7595067392.0
7595067392.0
7595067392.0
4205876224.0
4205876224.0
4205876224.0
4205876224.0
7595067392.0
7595067392.0
4205876224.0
4205876224.0
4205876224.0
7595067392.0
7595067392.0
4205876224.0
4205876224.0
4205876224.0
7595067392.0
7595067392.0
4205876224.0
4205876224.0
4205876224.0
7595067392.0
7595067392.0
4205876224.0
4205876224.0
4205876224.0
7595067392.0
7595067392.0
4205876224.0
4205876224.0
4205876224.0
7595067392.0
7595067392.0
4205876224.0
4205876224.0
4205876224.0
4205876224.0
7595067392.0
7595067392.0
7595067392.0
4205876224.0
4205876224.0
8662509568.0
4205876224.0
7595067392.0
7595067392.0
7595067392.0
4703578624.0
4703578624.0
4703578624.0
4703578624.0
7595067392.0
7595067392.0
7595067392.0
7595067392.0
4703578624.0
4703578624.0
4703578624.0
4703578624.0
7595067392.0
7595067392.0
7595067392.0
4703578624.0
4703578624.0
4703578624.0
7595067392.0
7595067392.0
7595067392.0
4703578624.0
4703578624.0
4703578624.0
4703578624.0
7595067392.0
7595067392.0
7595067392.0
7595067392.0
4703578624.0
4703578624.0
4703578624.0
4703578624.0
7595067392.0
7595067392.0
7595067392.0
7595067392.0
4703578624.0
4703578624.0
4703578624.0
4703578624.0
4703578624.0
7595067392.0
7595067392.0
7595067392.0
7595067392.0
7595067392.0
4703578624.0
4703578624.0
4703578624.0
4703578624.0
4703578624.0
7595067392.0
7595067392.0
7595067392.0
7595067392.0
4703578624.0
4703578624.0
4703578624.0
4703578624.0
7595067392.0
7595067392.0
7595067392.0
4703578624.0
4703578624.0
4703578624.0
7595067392.0
7595067392.0
7595067392.0
4703578624.0
4703578624.0
4703578624.0
7595067392.0
7595067392.0
4703578624.0
7595067392.0
4703578624.0
4703578624.0
7595067392.0
7595067392.0
4703578624.0
4703578624.0
7595067392.0
7595067392.0
4703578624.0
4703578624.0
4703578624.0
7595067392.0
7595067392.0
7595067392.0
4703578624.0
4703578624.0
7595067392.0
4703578624.0
4703578624.0
7595067392.0
7595067392.0
7595067392.0
4703578624.0
4703578624.0
4703578624.0
4703578624.0
7595067392.0
7595067392.0
7595067392.0
7595067392.0
4703578624.0
4703578624.0
4703578624.0
4703578624.0
7595067392.0
7595067392.0
7595067392.0
4703578624.0
4703578624.0
7595067392.0
4703578624.0
7595067392.0
4703578624.0
7595067392.0
4703578624.0
4703578624.0
7595067392.0
7595067392.0
7595067392.0
4703578624.0
4703578624.0
4703578624.0
4703578624.0
8099544064.0
8099544064.0
8099544064.0
8099544064.0
4496185344.0
4496185344.0
4496185344.0
4496185344.0
4496185344.0
8099544064.0
8099544064.0
8099544064.0
8099544064.0
4496185344.0
4496185344.0
4496185344.0
4496185344.0
4496185344.0
8099544064.0
8099544064.0
8099544064.0
8099544064.0
4496185344.0
4496185344.0
4542242816.0
4496185344.0
8099544064.0
8099544064.0
4496185344.0
8099544064.0
4496185344.0
4542242816.0
8099544064.0
8099544064.0
4542242816.0
4542242816.0
4542242816.0
10133637120.0
10133637120.0
7935608320.0
4542242816.0
4542242816.0
4542242816.0
4542242816.0
9997436928.0
9997436928.0
9997436928.0
4542242816.0
4542242816.0
4542242816.0
4160101888.0
9997436928.0
9997436928.0
4160101888.0
4160101888.0
9997436928.0
9997436928.0
4160101888.0
4160101888.0
4160101888.0
4160101888.0
9997436928.0
9997436928.0
9997436928.0
4160101888.0
4160101888.0
4160101888.0
4160101888.0
9997436928.0
9997436928.0
4160101888.0
4160101888.0
9997436928.0
4160101888.0
9997436928.0
4160101888.0
4160101888.0
4160101888.0
9997436928.0
9997436928.0
9997436928.0
4178699008.0
4178699008.0
4178699008.0
4178699008.0
4178699008.0
10016011264.0
10016011264.0
10016011264.0
10016011264.0
4178699008.0
4178699008.0
4178699008.0
4178699008.0
4178699008.0
4178699008.0
10016011264.0
10016011264.0
10016011264.0
4178699008.0
4178699008.0
4178699008.0
10016011264.0
10016011264.0
4178699008.0
4178699008.0
4178699008.0
4178699008.0
10016011264.0
10016011264.0
10016011264.0
4178699008.0
4178699008.0
4178699008.0
4178699008.0
26775162880.0
10016011264.0
4178699008.0
4178699008.0
4178699008.0
4178699008.0
26775162880.0
2931128832.0
2931128832.0
2931128832.0
4178699008.0
2931128832.0
2931128832.0
2931128832.0
2931128832.0
2931128832.0
2931128832.0
2931128832.0
2931128832.0
2931128832.0
2931128832.0
2931128832.0
2931128832.0
2931128832.0
2931128832.0
2931128832.0
2931128832.0
2931128832.0
2931128832.0
2931128832.0
2931128832.0
2931128832.0
2931128832.0
2931128832.0
2931128832.0
2931128832.0
2931128832.0
2931128832.0
2931128832.0
2931128832.0
2931128832.0
2931128832.0
2931128832.0
2931128832.0
2931128832.0
2931128832.0
2931128832.0
2931128832.0
2931128832.0
2931128832.0
2931128832.0
2931128832.0
2931128832.0
2931128832.0
2931128832.0
4178699008.0
2931128832.0
2931128832.0
2931128832.0
2931128832.0
2931128832.0
2931128832.0
2931128832.0
2931128832.0
2931128832.0
2931128832.0
2931128832.0
2931128832.0
2931128832.0
2931128832.0
2931128832.0
2931128832.0
2931128832.0
2931128832.0
2931128832.0
2931128832.0
2931128832.0
2931128832.0
2931128832.0
2931128832.0
2931128832.0
2931128832.0
2931128832.0
2931128832.0
2931128832.0
2931128832.0
2931128832.0
2931128832.0
2931128832.0
2931128832.0
2931128832.0
2911842304.0
2911842304.0
2911842304.0
2958521344.0
2958521344.0
2958521344.0
2958521344.0
2911842304.0
2911842304.0
2911842304.0
2911842304.0
2911842304.0
2911842304.0
2911842304.0
2911842304.0
2911842304.0
2911842304.0
2911842304.0
2911842304.0
2911842304.0
2911842304.0
2911842304.0
2911842304.0
2911842304.0
2911842304.0
2911842304.0
2911842304.0
2911842304.0
2911842304.0
2911842304.0
2911842304.0
2911842304.0
2911842304.0
2911842304.0
2911842304.0
2911842304.0
2911842304.0
2911842304.0
2911842304.0
2911842304.0
2911842304.0
2911842304.0
2911842304.0
2911842304.0
2911842304.0
2911842304.0
2911842304.0
2911842304.0
2911842304.0
2958521344.0
2958521344.0
2911842304.0
2911842304.0
2911842304.0
2911842304.0
2911842304.0
2911842304.0
2911842304.0
2911842304.0
2911842304.0
2911842304.0
2911842304.0
2911842304.0
2911842304.0
2911842304.0
2911842304.0
2911842304.0
2911842304.0
2911842304.0
2911842304.0
2911842304.0
2911842304.0
2911842304.0
2911842304.0
2911842304.0
2911842304.0
2911842304.0
2911842304.0
2911842304.0
2911842304.0
2958521344.0
2911842304.0
2911842304.0
2911842304.0
2911842304.0
2911842304.0
8017814528.0
2911842304.0
2911842304.0
2911842304.0
2911842304.0
2911842304.0
2911842304.0
2911842304.0
2911842304.0
2911842304.0
2911842304.0
2911842304.0
2911842304.0
2911842304.0
2911842304.0
2911842304.0
2911842304.0
2911842304.0
2911842304.0
2911842304.0
2911842304.0
2911842304.0
2911842304.0
2911842304.0
2911842304.0
2911842304.0
2911842304.0
2911842304.0
2911842304.0
2911842304.0
2911842304.0
2911842304.0
2911842304.0
2911842304.0
2911842304.0
2911842304.0
2911842304.0
2911842304.0
2911842304.0
2911842304.0
2911842304.0
2911842304.0
2911842304.0
2911842304.0
2911842304.0
2911842304.0
2911842304.0
2911842304.0
2911842304.0
2911842304.0
2911842304.0
2911842304.0
2911842304.0
2911842304.0
2911842304.0
2911842304.0
2911842304.0
2911842304.0
2911842304.0
2911842304.0
2911842304.0
2911842304.0
2911842304.0
2911842304.0
8017814528.0
2911842304.0
2911842304.0
2911842304.0
3600123648.0
3600123648.0
3600123648.0
3600123648.0
3600123648.0
3600123648.0
3600123648.0
3600123648.0
2911842304.0
8017814528.0
8017814528.0
3600123648.0
3600123648.0
3600123648.0
3600123648.0
3600123648.0
3600123648.0
3600123648.0
3600123648.0
3600123648.0
3600123648.0
3600123648.0
7233184768.0
3600123648.0
3600123648.0
7233184768.0
3600123648.0
3600123648.0
3600123648.0
3600123648.0
3600123648.0
3600123648.0
3600123648.0
7233184768.0
7233184768.0
3600123648.0
3600123648.0
3600123648.0
3600123648.0
3600123648.0
3600123648.0
3600123648.0
3600123648.0
3600123648.0
3600123648.0
3600123648.0
7233184768.0
7233184768.0
3600123648.0
3600123648.0
3600123648.0
3600123648.0
3600123648.0
3600123648.0
3600123648.0
3600123648.0
3600123648.0
3600123648.0
7233184768.0
7233184768.0
3600123648.0
3600123648.0
3600123648.0
3600123648.0
3600123648.0
3600123648.0
3600123648.0
3600123648.0
3600123648.0
7233184768.0
7233184768.0
3600123648.0
3600123648.0
3600123648.0
3600123648.0
3600123648.0
3600123648.0
3600123648.0
3600123648.0
3600123648.0
3600123648.0
3600123648.0
7233184768.0
7233184768.0
3600123648.0
3600123648.0
3600123648.0
3600123648.0
3600123648.0
3600123648.0
3600123648.0
3600123648.0
3600123648.0
7233184768.0
7233184768.0
3600123648.0
3600123648.0
3600123648.0
3600123648.0
3600123648.0
3600123648.0
3600123648.0
3600123648.0
3600123648.0
3491974656.0
7717036032.0
3491974656.0
3491974656.0
3491974656.0
7717036032.0
3491974656.0
3491974656.0
3491974656.0
3491974656.0
3491974656.0
3491974656.0
3491974656.0
3491974656.0
3491974656.0
7717036032.0
3491974656.0
3491974656.0
3491974656.0
3491974656.0
3491974656.0
7717036032.0
3491974656.0
3491974656.0
3491974656.0
3491974656.0
3491974656.0
3491974656.0
3491974656.0
7717036032.0
3491974656.0
3491974656.0
3491974656.0
3491974656.0
3491974656.0
3491974656.0
3491974656.0
7717036032.0
3491974656.0
3491974656.0
3491974656.0
3491974656.0
3491974656.0
7717036032.0
3491974656.0
3491974656.0
3491974656.0
3491974656.0
3491974656.0
3491974656.0
3491974656.0
3491974656.0
7717036032.0
3491974656.0
3491974656.0
3491974656.0
3491974656.0
3491974656.0
7717036032.0
3491974656.0
3491974656.0
3491974656.0
3491974656.0
3491974656.0
3491974656.0
3491974656.0
3491974656.0
7717036032.0
3491974656.0
3491974656.0
3491974656.0
3491974656.0
3491974656.0
7717036032.0
3491974656.0
3491974656.0
3491974656.0
3491974656.0
3491974656.0
3491974656.0
3491974656.0
3491974656.0
7717036032.0
3491974656.0
3491974656.0
3491974656.0
3491974656.0
3491974656.0
7717036032.0
3491974656.0
3491974656.0
3491974656.0
3491974656.0
3491974656.0
3491974656.0
3491974656.0
3491974656.0
7717036032.0
7717036032.0
3491974656.0
3491974656.0
3491974656.0
3491974656.0
3491974656.0
3491974656.0
3491974656.0
3491974656.0
3491974656.0
3491974656.0
3491974656.0
3491974656.0
3491974656.0
3491974656.0
3491974656.0
7717036032.0
7717036032.0
3491974656.0
3491974656.0
3491974656.0
3491974656.0
3491974656.0
3491974656.0
3491974656.0
3491974656.0
3491974656.0
3491974656.0
3491974656.0
3491974656.0
7717036032.0
7717036032.0
3491974656.0
3491974656.0
3491974656.0
3491974656.0
3491974656.0
3491974656.0
3491974656.0
3491974656.0
3491974656.0
3491974656.0
3491974656.0
3491974656.0
3491974656.0
7717036032.0
3491974656.0
3491974656.0
3491974656.0
7717036032.0
3491974656.0
3491974656.0
3491974656.0
3491974656.0
3491974656.0
3491974656.0
3491974656.0
3491974656.0
3491974656.0
7717036032.0
7717036032.0
3491974656.0
3491974656.0
3491974656.0
3491974656.0
3491974656.0
3491974656.0
3491974656.0
3491974656.0
3491974656.0
3491974656.0
3491974656.0
3491974656.0
3491974656.0
3491974656.0
3491974656.0
7717036032.0
7717036032.0
3491974656.0
3491974656.0
3491974656.0
3491974656.0
3491974656.0
3491974656.0
3491974656.0
3491974656.0
3491974656.0
3491974656.0
3491974656.0
7717036032.0
3491974656.0
3491974656.0
3491974656.0
3491974656.0
7717036032.0
3491974656.0
3491974656.0
3491974656.0
3491974656.0
3491974656.0
3491974656.0
3491974656.0
3491974656.0
3491974656.0
7717036032.0
7717036032.0
3491974656.0
3491974656.0
3491974656.0
3491974656.0
3491974656.0
3491974656.0
3491974656.0
3491974656.0
3491974656.0
3491974656.0
3491974656.0
3491974656.0
3491974656.0
3491974656.0
7717036032.0
7717036032.0
3491974656.0
3491974656.0
3491974656.0
3491974656.0
3491974656.0
3491974656.0
3491974656.0
3491974656.0
3491974656.0
3491974656.0
3491974656.0
3491974656.0
3491974656.0
7717036032.0
7717036032.0
3491974656.0
3491974656.0
3491974656.0
3491974656.0
3491974656.0
3491974656.0
3491974656.0
3491974656.0
3491974656.0
3491974656.0
3491974656.0
3491974656.0
3491974656.0
7717036032.0
7717036032.0
3491974656.0
3491974656.0
3491974656.0
3491974656.0
3491974656.0
3491974656.0
3491974656.0
3491974656.0
3491974656.0
3491974656.0
3491974656.0
3475175424.0
7726328320.0
3475175424.0
3475175424.0
3475175424.0
3475175424.0
7726328320.0
3475175424.0
3475175424.0
3475175424.0
3475175424.0
3475175424.0
3475175424.0
3475175424.0
3475175424.0
7726328320.0
3475175424.0
3475175424.0
3475175424.0
3475175424.0
3475175424.0
3475175424.0
7726328320.0
3475175424.0
3475175424.0
3475175424.0
3475175424.0
3475175424.0
3475175424.0
3128508928.0
7750794240.0
3128508928.0
3475175424.0
3475175424.0
3475175424.0
3128508928.0
3128508928.0
3128508928.0
7750794240.0
3128508928.0
3128508928.0
3128508928.0
3128508928.0
3128508928.0
3128508928.0
3128508928.0
3128508928.0
3128508928.0
7750794240.0
3128508928.0
3128508928.0
3128508928.0
3128508928.0
3128508928.0
3128508928.0
3128508928.0
7750794240.0
3128508928.0
3128508928.0
3128508928.0
3128508928.0
3128508928.0
3128508928.0
3128508928.0
3128508928.0
3128508928.0
3128508928.0
7750794240.0
3128508928.0
3128508928.0
3128508928.0
3128508928.0
3128508928.0
3128508928.0
3128508928.0
7750794240.0
3128508928.0
3128508928.0
3128508928.0
3128508928.0
3128508928.0
3128508928.0
3128508928.0
3128508928.0
3128508928.0
7750794240.0
3128508928.0
3128508928.0
3128508928.0
3128508928.0
3128508928.0
3128508928.0
3128508928.0
3128508928.0
3128508928.0
7750794240.0
3128508928.0
3128508928.0
3128508928.0
3128508928.0
3128508928.0
3128508928.0
3128508928.0
7753146368.0
3128508928.0
3128508928.0
3128508928.0
3128508928.0
3128508928.0
3128508928.0
3126084352.0
3126084352.0
3126084352.0
3126084352.0
7753146368.0
7753146368.0
3126084352.0
3128508928.0
3128508928.0
3128508928.0
3128508928.0
3128508928.0
3128508928.0
3128508928.0
3128508928.0
3128508928.0
3128508928.0
3128508928.0
3128508928.0
3126084352.0
3126084352.0
3126084352.0
3126084352.0
3126084352.0
3126084352.0
8199586816.0
8199586816.0
3126084352.0
3126084352.0
3126084352.0
3126084352.0
3126084352.0
3126084352.0
3126084352.0
3126084352.0
3126084352.0
3126084352.0
3126084352.0
3126084352.0
3126084352.0
3126084352.0
3126084352.0
2950167552.0
2950167552.0
8199586816.0
2950167552.0
2950167552.0
2950167552.0
2950167552.0
3126084352.0
3126084352.0
3126084352.0
2950167552.0
2950167552.0
2950167552.0
2950167552.0
2950167552.0
2950167552.0
2950167552.0
2950167552.0
8199586816.0
2950167552.0
2950167552.0
3126084352.0
3126084352.0
3126084352.0
3126084352.0
3126084352.0
3126084352.0
3126084352.0
3126084352.0
2950167552.0
2950167552.0
2950167552.0
2950167552.0
2950167552.0
2950167552.0
8199586816.0
2950167552.0
2950167552.0
2950167552.0
24152313856.0
2950167552.0
2950167552.0
8199586816.0
8199586816.0
2950167552.0
24152313856.0
24152313856.0
2950167552.0
8196187648.0
8196187648.0
8196187648.0
24152313856.0
24152313856.0
2937353216.0
8196187648.0
8196187648.0
2937353216.0
24128215040.0
24128215040.0
8196187648.0
8196187648.0
8196187648.0
24128215040.0
24128215040.0
8196187648.0
8196187648.0
24128215040.0
24128215040.0
8196187648.0
8196187648.0
8196187648.0
8196187648.0
24128215040.0
24128215040.0
24128215040.0
24128215040.0
8196187648.0
8196187648.0
8196187648.0
8196187648.0
8196187648.0
24128215040.0
24128215040.0
24128215040.0
8196187648.0
8196187648.0
8196187648.0
2854940672.0
24128215040.0
24128215040.0
2854940672.0
8196187648.0
8196187648.0
2854940672.0
2854940672.0
24128215040.0
2854940672.0
2854940672.0
2854940672.0
8196187648.0
2854940672.0
2854940672.0
2854940672.0
2854940672.0
24128215040.0
2854940672.0
2854940672.0
8196187648.0
8196187648.0
2854940672.0
24128215040.0
2854940672.0
2854940672.0
2854940672.0
2854940672.0
2854940672.0
2854940672.0
2854940672.0
2854940672.0
2854940672.0
2854940672.0
2854940672.0
2854940672.0
2854940672.0
2854940672.0
2854940672.0
2854940672.0
2854940672.0
2854940672.0
2854940672.0
8196187648.0
2854940672.0
2854940672.0
2854940672.0
2854940672.0
2854940672.0
24128215040.0
2854940672.0
2854940672.0
2854940672.0
2854940672.0
2854940672.0
2854940672.0
2854940672.0
8196187648.0
2854940672.0
2854940672.0
2854940672.0
2854940672.0
2854940672.0
2854940672.0
2854940672.0
2854940672.0
2854940672.0
2854940672.0
2854940672.0
2854940672.0
2854940672.0
2854940672.0
2854940672.0
2854940672.0
2854940672.0
2854940672.0
2854940672.0
2854940672.0
2854940672.0
2854940672.0
2854940672.0
2854940672.0
2854940672.0
2854940672.0
2854940672.0
2854940672.0
2854940672.0
2854940672.0
2854940672.0
2854940672.0
2854940672.0
2854940672.0
2854940672.0
2854940672.0
2854940672.0
2854940672.0
2854940672.0
2854940672.0
2854940672.0
2854940672.0
2854940672.0
2854940672.0
2854940672.0
2854940672.0
2854940672.0
2854940672.0
2854940672.0
2854940672.0
2854940672.0
2854940672.0
2854940672.0
2854940672.0
2854940672.0
2854940672.0
23461355520.0
2854940672.0
2854940672.0
2854940672.0
2854940672.0
2854940672.0
8196187648.0
2854940672.0
2854940672.0
2854940672.0
2854940672.0
2854940672.0
2854940672.0
2854940672.0
2854940672.0
2854940672.0
2854940672.0
2854940672.0
2854940672.0
2854940672.0
2854940672.0
2854940672.0
2854940672.0
2854940672.0
2854940672.0
2854940672.0
2854940672.0
2854940672.0
2854940672.0
2854940672.0
2854940672.0
2854940672.0
2854940672.0
2854940672.0
2854940672.0
2854940672.0
2854940672.0
2854940672.0
2854940672.0
2857309184.0
2857309184.0
2857309184.0
2857309184.0
2857309184.0
23377518592.0
2857309184.0
2857309184.0
8363694080.0
8363694080.0
2857309184.0
2857309184.0
23377518592.0
23377518592.0
2857309184.0
8363694080.0
8363694080.0
2857309184.0
2857309184.0
2857309184.0
23377518592.0
2857309184.0
2857309184.0
2857309184.0
2857309184.0
8363694080.0
2857309184.0
2857309184.0
2857309184.0
2857309184.0
23377518592.0
2857309184.0
2857309184.0
2857309184.0
2857309184.0
8363694080.0
2857309184.0
2857309184.0
2857309184.0
2857309184.0
2857309184.0
23377518592.0
2857309184.0
2857309184.0
2857309184.0
8363694080.0
2857309184.0
2857309184.0
2857309184.0
2857309184.0
2857309184.0
23377518592.0
2857309184.0
2857309184.0
2857309184.0
8363694080.0
8363694080.0
2857309184.0
23377518592.0
23377518592.0
2857309184.0
2857309184.0
8363694080.0
8363694080.0
2857309184.0
2857309184.0
2857309184.0
23377518592.0
23377518592.0
2857309184.0
8363694080.0
8363694080.0
2857309184.0
2857309184.0
2857309184.0
2857309184.0
2857309184.0
23377518592.0
2857309184.0
2857309184.0
2945951232.0
2945951232.0
2945951232.0
2945951232.0
8987628544.0
2945951232.0
2945951232.0
2945951232.0
22936485888.0
2945951232.0
2945951232.0
2945951232.0
2945951232.0
2945951232.0
2945951232.0
2945951232.0
2945951232.0
2945951232.0
2945951232.0
2945951232.0
2945951232.0
2945951232.0
22936485888.0
2945951232.0
2945951232.0
6939486208.0
6939486208.0
2945951232.0
22936485888.0
22936485888.0
6939486208.0
6939486208.0
6939486208.0
22936485888.0
2638445568.0
2638445568.0
2638445568.0
2638445568.0
2638445568.0
2638445568.0
2638445568.0
2638445568.0
2638445568.0
2638445568.0
2638445568.0
2638445568.0
2638445568.0
2638445568.0
2638445568.0
2638445568.0
6939486208.0
2638445568.0
2638445568.0
2638445568.0
2638445568.0
2638445568.0
2638445568.0
2638445568.0
2638445568.0
2638445568.0
2638445568.0
2638445568.0
2638445568.0
2638445568.0
2638445568.0
2638445568.0
2638445568.0
2638445568.0
2638445568.0
2638445568.0
2638445568.0
2638445568.0
2638445568.0
2638445568.0
2638445568.0
2638445568.0
2638445568.0
2638445568.0
2638445568.0
2638445568.0
2638445568.0
2638445568.0
2638445568.0
2638445568.0
2638445568.0
2638445568.0
2638445568.0
2638445568.0
2638445568.0
2638445568.0
2638445568.0
2638445568.0
2638445568.0
2638445568.0
2638445568.0
2638445568.0
2508901376.0
2508901376.0
2638445568.0
2638445568.0
2638445568.0
2638445568.0
2638445568.0
2638445568.0
2638445568.0
2638445568.0
2638445568.0
2508901376.0
2508901376.0
2638445568.0
2638445568.0
2638445568.0
2638445568.0
2638445568.0
2638445568.0
2638445568.0
2638445568.0
2638445568.0
2638445568.0
2638445568.0
2638445568.0
2638445568.0
2626590720.0
2626590720.0
2626590720.0
2504692224.0
2504692224.0
2626590720.0
2626590720.0
2626590720.0
2626590720.0
2626590720.0
2626590720.0
2626590720.0
2626590720.0
2626590720.0
2626590720.0
2626590720.0
2626590720.0
2654475776.0
2654475776.0
2654475776.0
2623578112.0
2654475776.0
2654475776.0
2654475776.0
2654475776.0
2654475776.0
2654475776.0
2654475776.0
2654475776.0
2654475776.0
2654475776.0
2654475776.0
2654475776.0
2654475776.0
2654475776.0
2654475776.0
2654475776.0
2654475776.0
2654475776.0
2654475776.0
2654475776.0
2654475776.0
2626590720.0
2654475776.0
2654475776.0
2654475776.0
2654475776.0
2654475776.0
2654475776.0
2654475776.0
2654475776.0
2654475776.0
2654475776.0
2654475776.0
2654475776.0
2654475776.0
2654475776.0
2654475776.0
2654475776.0
2626590720.0
2654475776.0
2654475776.0
2654475776.0
2654475776.0
2654475776.0
2654475776.0
2654475776.0
2654475776.0
2654475776.0
2654475776.0
2625290752.0
2539206400.0
2539206400.0
2626590720.0
2626590720.0
2626590720.0
2626590720.0
2626590720.0
2626590720.0
2626590720.0
2539206400.0
2539206400.0
2539206400.0
2626590720.0
2626590720.0
2626590720.0
2626590720.0
2539206400.0
19270174720.0
2539206400.0
2539206400.0
2539206400.0
2539206400.0
2539206400.0
2539206400.0
2539206400.0
2539206400.0
2539206400.0
2539206400.0
19270174720.0
2539206400.0
2539206400.0
2539206400.0
2539206400.0
2539206400.0
2539206400.0
2539206400.0
19270174720.0
2539206400.0
2539206400.0
2539206400.0
2751760384.0
2751760384.0
2751760384.0
2751760384.0
2539206400.0
19270174720.0
2539206400.0
2751760384.0
2751760384.0
2751760384.0
2751760384.0
18823712768.0
2751760384.0
2751760384.0
2751760384.0
2751760384.0
2751760384.0
2751760384.0
18823712768.0
2751760384.0
2751760384.0
2751760384.0
2751760384.0
18823712768.0
2751760384.0
2751760384.0
2751760384.0
2751760384.0
2751760384.0
2751760384.0
2751760384.0
18823712768.0
2751760384.0
2751760384.0
2751760384.0
2751760384.0
18823712768.0
2751760384.0
2751760384.0
2751760384.0
2751760384.0
2751760384.0
2751760384.0
18823712768.0
2751760384.0
2751760384.0
2792685568.0
2792685568.0
2792685568.0
18823712768.0
2792685568.0
2792685568.0
2792685568.0
2792685568.0
13924745216.0
2792685568.0
2792685568.0
2792685568.0
13924745216.0
2792685568.0
2792685568.0
2792685568.0
13924745216.0
2792685568.0
2792685568.0
2792685568.0
2792685568.0
13924745216.0
2792685568.0
2792685568.0
2792685568.0
13924745216.0
2792685568.0
2792685568.0
2792685568.0
13924745216.0
2792685568.0
2792685568.0
2792685568.0
2792685568.0
13924745216.0
2792685568.0
2792685568.0
2792685568.0
13924745216.0
2792685568.0
2792685568.0
2792685568.0
2792685568.0
40743927808.0
2792685568.0
2792685568.0
2792685568.0
2792685568.0
2792685568.0
2792685568.0
15020243968.0
15020243968.0
2792685568.0
2792685568.0
2911046400.0
2911046400.0
2911046400.0
2911046400.0
2792685568.0
15020243968.0
15020243968.0
2911046400.0
2911046400.0
2911046400.0
2911046400.0
2911046400.0
2911046400.0
13695727616.0
13695727616.0
2911046400.0
2911046400.0
2911046400.0
2911046400.0
2911046400.0
13695727616.0
13695727616.0
2911046400.0
7521411072.0
7521411072.0
2911046400.0
13695727616.0
13695727616.0
13695727616.0
2911046400.0
7521411072.0
7521411072.0
2603590144.0
13695727616.0
13695727616.0
2603590144.0
2603590144.0
2603590144.0
7521411072.0
2603590144.0
2603590144.0
2603590144.0
2603590144.0
13695727616.0
13695727616.0
2603590144.0
2603590144.0
2603590144.0
2603590144.0
2603590144.0
2603590144.0
2603590144.0
2603590144.0
2603590144.0
2603590144.0
2603590144.0
2603590144.0
2603590144.0
2603590144.0
2603590144.0
2603590144.0
2603590144.0
13695727616.0
2603590144.0
2603590144.0
2603590144.0
2603590144.0
2603590144.0
13695727616.0
2603590144.0
2603590144.0
2603590144.0
2603590144.0
2603590144.0
2603590144.0
2603590144.0
2603590144.0
2603590144.0
2603590144.0
2603590144.0
2603590144.0
13695727616.0
13695727616.0
2603590144.0
2603590144.0
2603590144.0
2603590144.0
2603590144.0
2603590144.0
2603590144.0
2603590144.0
2603590144.0
2603590144.0
2603590144.0
2603590144.0
2603590144.0
2603590144.0
2603590144.0
2603590144.0
2603590144.0
2603590144.0
2603590144.0
13695727616.0
2603590144.0
2603590144.0
2603590144.0
2603590144.0
2603590144.0
13695727616.0
2603590144.0
2603590144.0
2603590144.0
2603590144.0
2603590144.0
2603590144.0
2603590144.0
2603590144.0
2603590144.0
2603590144.0
2603590144.0
13695727616.0
2603590144.0
2603590144.0
2603590144.0
2603590144.0
2603590144.0
2603590144.0
2603590144.0
2603590144.0
13695727616.0
2603590144.0
2603590144.0
2603590144.0
2603590144.0
2603590144.0
2603590144.0
2603590144.0
2603590144.0
2603590144.0
13695727616.0
2603590144.0
2682314240.0
2682314240.0
2682314240.0
2682314240.0
2682314240.0
2682314240.0
13695727616.0
13180370944.0
2701061120.0
2701061120.0
2701061120.0
2701061120.0
2701061120.0
2701061120.0
2701061120.0
2701061120.0
2701061120.0
2701061120.0
2701061120.0
2701061120.0
13093026816.0
13093026816.0
2701061120.0
2701061120.0
2701061120.0
2701061120.0
2701061120.0
2701061120.0
2701061120.0
2701061120.0
2701061120.0
13093026816.0
13093026816.0
2701061120.0
2701061120.0
2701061120.0
2701061120.0
2701061120.0
2701061120.0
2701061120.0
2701061120.0
2701061120.0
2701061120.0
13093026816.0
13093026816.0
2701061120.0
2701061120.0
2701061120.0
2701061120.0
2701061120.0
2701061120.0
2701061120.0
2701061120.0
2701061120.0
2701061120.0
13093026816.0
13093026816.0
2701061120.0
2701061120.0
2701061120.0
2701061120.0
2701061120.0
2701061120.0
2701061120.0
2701061120.0
2701061120.0
2701061120.0
13093026816.0
13093026816.0
2701061120.0
2701061120.0
2701061120.0
2701061120.0
3481301504.0
2701061120.0
2701061120.0
2701061120.0
13093026816.0
2701061120.0
2701061120.0
13093026816.0
2701061120.0
2701061120.0
2701061120.0
2701061120.0
2701061120.0
2701061120.0
2701061120.0
13093026816.0
2701061120.0
2701061120.0
2701061120.0
2701061120.0
13093026816.0
2701061120.0
2701061120.0
2701061120.0
2701061120.0
2701061120.0
13093026816.0
2701061120.0
3481301504.0
3481301504.0
13093026816.0
2701061120.0
3481301504.0
13093026816.0
3481301504.0
3481301504.0
5010461696.0
5010461696.0
3481301504.0
3481301504.0
5010461696.0
5010461696.0
5010461696.0
3481301504.0
3481301504.0
3481301504.0
5010461696.0
5010461696.0
5010461696.0
3481301504.0
3481301504.0
3481301504.0
5010461696.0
5010461696.0
5010461696.0
5010461696.0
3481301504.0
3481301504.0
3481301504.0
3481301504.0
5010461696.0
5010461696.0
5010461696.0
5010461696.0
5010461696.0
3847310336.0
3847310336.0
3847310336.0
3847310336.0
4893262848.0