123129783386112.0
94031967158272.0
71482667433984.0
54275216506880.0
42655593529344.0
33919334350848.0
27365656756224.0
22974964957184.0
19997774577664.0
17878835265536.0
16622104346624.0
15680946569216.0
15161452658688.0
14750470635520.0
14415579578368.0
14168562335744.0
13922737324032.0
13652202618880.0
13384449785856.0
13133796081664.0
12941264945152.0
12746519216128.0
12577196212224.0
12438583902208.0
12311584571392.0
12155615182848.0
12006302154752.0
11863388585984.0
11753485238272.0
11643875491840.0
11550813323264.0
11433298362368.0
11374911553536.0
11303655571456.0
11216780001280.0
11124888043520.0
11048503476224.0
10965341962240.0
10919660748800.0
10853772427264.0
10818691268608.0
10785700970496.0
10735744712704.0
10688105807872.0
10622532059136.0
10592941244416.0
10569441607680.0
10542820360192.0
10492128002048.0
10440484585472.0
10407972438016.0
10366817927168.0
10347774738432.0
10323740327936.0
10276814454784.0
10257608736768.0
10247316963328.0
10203137310720.0
10176325222400.0
10148244357120.0
10105426804736.0
10066106253312.0
10030089764864.0
10018065743872.0
9985767505920.0
9960196931584.0
9936090169344.0
9929198927872.0
9905708728320.0
9876048707584.0
9869868400640.0
9849494568960.0
9820993224704.0
9794211545088.0
9769192521728.0
9746075615232.0
9724237971456.0
9706691100672.0
9687533617152.0
9677284835328.0
9648117645312.0
9624096866304.0
9628635103232.0
9594757709824.0
9581377880064.0
9561075351552.0
9554858344448.0
9507850682368.0
9501409280000.0
9476620943360.0
9461256159232.0
9436779249664.0
9424882106368.0
9418118791168.0
9390269661184.0
9354582425600.0
9331342835712.0
9333683257344.0
9315774627840.0
9305912770560.0
9282814738432.0
9276275818496.0
9270827417600.0
9243054833664.0
9210896056320.0
9193654321152.0
9193875570688.0
9149303750656.0
9129657630720.0
9119572426752.0
9088618463232.0
9053577150464.0
9020717924352.0
9007246868480.0
9016560320512.0
8993446559744.0
8972727746560.0
8967251034112.0
8927911608320.0
8934731546624.0
8879793504256.0
8884956692480.0
8883846250496.0
8871935475712.0
8846049280000.0
8836345757696.0
8819377700864.0
8810898915328.0
8793716948992.0
8775146143744.0
8744681340928.0
8736118669312.0
8737516945408.0
8707598974976.0
8690480971776.0
8667441135616.0
8665086033920.0
8688294166528.0
8695862788096.0
8684507758592.0
8656891936768.0
8651990892544.0
8629330640896.0
8633156894720.0
8595665059840.0
8626934644736.0
8600186519552.0
8565671067648.0
8584979021824.0
8566571270144.0
8555339448320.0
8527402762240.0
8511015616512.0
8529143398400.0
8506657210368.0
8482908012544.0
8483570188288.0
8484607229952.0
8462349107200.0
8459439308800.0
8451960864768.0
8427591958528.0
8423554940928.0
8380885237760.0
8375216635904.0
8347999797248.0
8365144014848.0
8350951538688.0
8322481651712.0
8299533041664.0
8268775686144.0
8267061264384.0
8249171509248.0
8277669183488.0
8281195020288.0
8249026805760.0
8234474143744.0
8201639559168.0
8204083789824.0
8224609665024.0
8196519362560.0
8186398507008.0
8170796744704.0
8160156844032.0
8124276670464.0
8136316944384.0
8153265602560.0
8074165223424.0
8050019663872.0
8026209648640.0
8019448954880.0
7968580960256.0
7945144238080.0
7913230827520.0
7875461120000.0
7852526665728.0
7824229793792.0
7814276186112.0
7775009636352.0
7747917053952.0
7726296989696.0
7733650128896.0
7704472977408.0
7689313189888.0
7668305494016.0
7649631928320.0
7626757242880.0
7584525844480.0
7586819604480.0
7575393796096.0
7547560394752.0
7509992013824.0
7470684569600.0
7459553935360.0
7427495821312.0
7408925540352.0
7397045174272.0
7401659432960.0
7359298535424.0
7364264067072.0
7323747614720.0
7286574546944.0
7214301970432.0
7194441940992.0
7192422383616.0
7192669323264.0
7165926440960.0
7131469185024.0
7129715965952.0
7123130908672.0
7115287035904.0
7071121539072.0
7057798856704.0
7001501859840.0
6979192881152.0
6957001867264.0
6970109067264.0
6925185974272.0
6882414559232.0
6863753576448.0
6809037832192.0
6805244608512.0
6826434232320.0
6760507113472.0
6732540542976.0
6714814365696.0
6699845943296.0
6642843254784.0
6631891927040.0
6613334228992.0
6597206081536.0
6585284820992.0
6520014635008.0
6532508942336.0
6520009916416.0
6497520058368.0
6476178391040.0
6470285393920.0
6416284778496.0
6380806733824.0
6347047305216.0
6336741376000.0
6316204490752.0
6304080855040.0
6253110099968.0
6264707874816.0
6234231013376.0
6195887734784.0
6207621300224.0
6186428006400.0
6150254755840.0
6100494057472.0
6071452172288.0
6073139331072.0
6024136228864.0
6042184318976.0
6010862305280.0
6028564365312.0
5951193612288.0
5953837072384.0
5931809636352.0
5956390879232.0
5882206224384.0
5878281404416.0
5836846923776.0
5815730176000.0
5791891324928.0
5768284733440.0
5776467296256.0
5746723913728.0
5718035398656.0
5681310597120.0
5663465406464.0
5662807425024.0
5624330977280.0
5586702827520.0
5586031738880.0
5583850176512.0
5549545488384.0
5530104365056.0
5546526638080.0
5504969474048.0
5502442930176.0
5478339837952.0
5473555185664.0
5448351612928.0
5444867194880.0
5421963149312.0
5374143889408.0
5356238405632.0
5345744257024.0
5340334129152.0
5292153634816.0
5268689649664.0
5279584354304.0
5228605734912.0
5222043746304.0
5205607317504.0
5188345135104.0
5155083780096.0
5170641502208.0
5126218579968.0
5102582628352.0
5078579675136.0
5072688775168.0
5046529949696.0
5054957355008.0
5018109345792.0
4983664148480.0
5009197498368.0
5004364087296.0
4980557742080.0
4974436155392.0
4974958346240.0
4937406742528.0
4947756711936.0
4932088889344.0
4863760007168.0
4888523702272.0
4877192790016.0
4889543442432.0
4844113887232.0
4807360774144.0
4859608694784.0
4844986826752.0
4828148269056.0
4817279254528.0
4789815476224.0
4839941079040.0
4816086499328.0
4802062843904.0
4798129111040.0
4775613562880.0
4752554852352.0
4704223363072.0
4729289572352.0
4694321659904.0
4679217446912.0
4664037736448.0
4667927953408.0
4654562803712.0
4694880550912.0
4672599359488.0
4642087895040.0
4696010915840.0
4591696478208.0
4592909156352.0
4575013634048.0
4580404363264.0
4602828685312.0
4563960594432.0
4550008242176.0
4556010291200.0
4537898762240.0
4542287052800.0
4570085326848.0
4545991147520.0
4547405676544.0
4505322651648.0
4500442054656.0
4462658715648.0
4489504882688.0
4496252993536.0
4457996746752.0
4409313460224.0
4455668908032.0
4434766069760.0
4416488341504.0
4440552636416.0
4417827897344.0
4373623865344.0
4451006939136.0
4401684021248.0
4379541766144.0
4381589110784.0
4359592083456.0
4344825511936.0
4365340639232.0
4351103074304.0
4331317231616.0
4332104712192.0
4348426846208.0
4320656097280.0
4319203295232.0
4317542875136.0
4332971360256.0
4300048171008.0
4269291339776.0
4272166010880.0
4278330589184.0
4262551879680.0
4221917200384.0
4226304966656.0
4224329449472.0
4212797210624.0
4231720861696.0
4194568241152.0
4214705881088.0
4183258300416.0
4173458309120.0
4148953088000.0
4149380382720.0
4181971173376.0
4186635763712.0
4135065223168.0
4157482729472.0
4085916368896.0
4105999220736.0
4121381306368.0
4103358906368.0
4086732685312.0
4075167154176.0
4084902658048.0
4104455192576.0
4085010399232.0
4117048328192.0
4126651973632.0
4098812805120.0
4074717577216.0
4051465928704.0
4051235766272.0
4046883127296.0
4016885465088.0
4048054648832.0
4002976890880.0
3986214092800.0
3970891251712.0
3965071130624.0
3993028788224.0
4036776951808.0
4027764441088.0
3954223087616.0
3923983204352.0
3911431749632.0
3971645177856.0
3959872815104.0
3904688881664.0
3909208244224.0
3963410972672.0
3901852221440.0
3914267099136.0
3893674115072.0
3915287101440.0
3929197510656.0
3899557675008.0
3909746163712.0
3889252270080.0
3904321617920.0
3901232513024.0
3869166272512.0
3869690560512.0
3871225675776.0
3838467637248.0
3826674302976.0
3836861480960.0
3875379609600.0
3836766584832.0
3837861036032.0
3823958228992.0
3815422558208.0
3785831743488.0
3793433395200.0
3840849477632.0
3848351514624.0
3803361050624.0
3790072446976.0
3808410206208.0
3806068736000.0
3777885110272.0
3737203769344.0
3754364239872.0
3744532004864.0
3718611206144.0
3755580850176.0
3756202131456.0
3767136681984.0
3769318244352.0
3777701871616.0
3747837640704.0
3786413703168.0
3763736674304.0
3756491014144.0
3732829896704.0
3725884653568.0
3728929193984.0
3701172338688.0
3701276147712.0
3749482332160.0
3725529710592.0
3741879369728.0
3705377914880.0
3690602692608.0
3685081415680.0
3701670936576.0
3713717764096.0
3670744760320.0
3682934980608.0
3677940875264.0
3681145847808.0
3682502443008.0
3640899665920.0
3632507912192.0
3668719435776.0
3645250732032.0
3632761143296.0
3628698435584.0
3631342944256.0
3665067245568.0
3668087144448.0
3619990536192.0
3609514999808.0
3622908198912.0
3620037984256.0
3646757535744.0
3657540304896.0
3624456945664.0
3635474333696.0
3613633282048.0
3578804305920.0
3610282557440.0
3616857653248.0
3597001031680.0
3601110925312.0
3551754452992.0
3603048431616.0
3580949692416.0
3569748017152.0
3568629186560.0
3590271533056.0
3555607445504.0
3567059992576.0
3556525998080.0
3563426676736.0
3537088282624.0
3536750379008.0
3542443360256.0
3552505757696.0
3521384546304.0
3501227245568.0
3527756218368.0
3554913026048.0
3543020339200.0
3535118532608.0
3576610947072.0
3523714744320.0
3522509144064.0
3558802194432.0
3500798377984.0
3488446152704.0
3495767310336.0
3533318914048.0
3482350256128.0
3531482857472.0
3489619509248.0
3515460616192.0
3512543215616.0
3523123871744.0
3524812603392.0
3472555507712.0
3468851937280.0
3483615363072.0
3488096976896.0
3464587378688.0
3483067744256.0
3488583778304.0
3468484411392.0
3486982340608.0
3432077590528.0
3481225134080.0
3492794073088.0
3498979360768.0
3427150069760.0
3446631825408.0
3427908714496.0
3446393536512.0
3458403139584.0
3464042381312.0
3470645526528.0
3458374041600.0
3474116837376.0
3427346677760.0
3443204030464.0
3458349924352.0
3452048506880.0
3447400169472.0
3404241305600.0
3421719232512.0
3422295162880.0
3456460914688.0
3398570082304.0
3404910559232.0
3413638119424.0
3421000171520.0
3398028492800.0
3392111378432.0
3397742231552.0
3370471915520.0
3381337260032.0
3389871095808.0
3395735257088.0
3378627215360.0
3344430006272.0
3382098526208.0
3399461896192.0
3370633920512.0
3396891836416.0
3417843433472.0
3380678492160.0
3349133918208.0
3360981254144.0
3338690625536.0
3338554048512.0
3334470107136.0
3345036607488.0
3319850074112.0
3325170548736.0
3342257881088.0
3316633305088.0
3335722893312.0
3296250036224.0
3290341048320.0
3328454950912.0
3295894044672.0
3295829819392.0
3301033115648.0
3298878816256.0
3306795565056.0
3270858244096.0
3290286260224.0
3287399006208.0
3296078331904.0
3274919116800.0
3283545489408.0
3243486216192.0
3245792559104.0
3300598218752.0
3338682499072.0
3303123189760.0
3273137848320.0
3276932907008.0
3238897647616.0
3304215019520.0
3242284548096.0
3277594296320.0
3261161537536.0
3258326974464.0
3251009486848.0
3256308203520.0
3256252104704.0
3238288949248.0
3235669606400.0
3200584253440.0
3209249685504.0
3220357513216.0
3231151554560.0
3241621323776.0
3240927690752.0
3244278939648.0
3224039063552.0
3207834894336.0
3199759548416.0
3241782018048.0
3248784146432.0
3199051759616.0
3206997344256.0
3212389646336.0
3226888830976.0
3234149957632.0
3217132355584.0
3209931259904.0
3180706398208.0
3195258535936.0
3190546235392.0
3214309588992.0
3202049114112.0
3166660722688.0
3179098406912.0
3188972584960.0
3154129715200.0
3182898446336.0
3162557120512.0
3161555730432.0
3158870065152.0
3178038296576.0
3189487697920.0
3132142911488.0
3137036877824.0
3171606855680.0
3215346892800.0
3174969114624.0
3163931279360.0
3173958549504.0
3177477570560.0
3161585352704.0
3154260000768.0
3138510127104.0
3149413220352.0
3139568664576.0
3188052721664.0
3157263122432.0
3173776359424.0
3158490218496.0
3155247759360.0
3164956524544.0
3138925887488.0
3142731169792.0
3126266429440.0
3112385118208.0
3096004263936.0
3126528835584.0
3121772494848.0
3111640891392.0
3120041558016.0
3117224820736.0
3089643601920.0
3121258430464.0
3140455235584.0
3113647865856.0
3124187627520.0
3087829303296.0
3094909812736.0
3076536139776.0
3059320094720.0
3132105949184.0
3111320027136.0
3143411957760.0
3152481353728.0
3103135105024.0
3091718733824.0
3099112505344.0
3103353995264.0
3118607368192.0
3085704101888.0
3037529112576.0
3078890717184.0
3098387415040.0
3096093130752.0
3097591283712.0
3063339810816.0
3067491385344.0
3077697961984.0
3101682040832.0
3038921621504.0
3055334981632.0
3080999665664.0
3046381453312.0
3060349796352.0
3086294450176.0
3056337420288.0
3045046353920.0
3081614393344.0
3023416852480.0
3078530531328.0
3095383506944.0
3029872410624.0
3092565196800.0
3041030307840.0
3024999677952.0
3010230484992.0
3047831371776.0
3062202105856.0
3044019273728.0
3080351383552.0
3058869731328.0
3056114073600.0
3049612378112.0
3028034781184.0
3029498593280.0
3003022573568.0
2991836364800.0
3028658683904.0
3033714655232.0
3048270200832.0
3051193630720.0
3037220831232.0
3030070067200.0
2978065940480.0
3011071180800.0
3042747875328.0
3018280665088.0
3001452331008.0
3032773558272.0
3036881354752.0
2994981568512.0
2997723070464.0
2980814782464.0
3001595461632.0
2980961058816.0
3013101486080.0
2991737536512.0
3028523679744.0
3077091885056.0
3090252562432.0
2992032448512.0
3075608150016.0
3012552556544.0
3074510028800.0
3046581993472.0
2991994961920.0
3015510589440.0
3013200838656.0
3043673767936.0
2990912045056.0
2975287214080.0
2992228007936.0
3020853084160.0
2984042037248.0
2989088571392.0
2980839161856.0
2981245747200.0
2972770107392.0
2986931912704.0
3013967347712.0
2995130204160.0
2966341812224.0
3046763397120.0
3061733130240.0
3068150939648.0
2996617347072.0
3015410450432.0
3015024836608.0
3028684636160.0
2996078903296.0
3001851314176.0
3031442915328.0
3024285597696.0
2977411104768.0
3031285891072.0
3008634552320.0
2979628843008.0
2965173174272.0
2958536212480.0
2968898764800.0
2977097580544.0
2991649718272.0
2935166074880.0
2957827899392.0
2996989067264.0
3021706100736.0
2972959375360.0
3055988244480.0
3050043342848.0
2943336841216.0
2973794566144.0
3029177204736.0
2932430864384.0
2897328734208.0
2944138477568.0
2971812757504.0
2959495397376.0
2925150076928.0
2976055820288.0
2940013641728.0
2941146365952.0
2926059192320.0
2931749814272.0
2966167748608.0
2946691497984.0
2925107609600.0
2946710372352.0
2913554399232.0
2895494512640.0
2925685374976.0
2906852950016.0
2901682421760.0
2913352024064.0
2922658398208.0
2902055714816.0
2969672089600.0
2983877672960.0
2931842088960.0
2915521003520.0
2887086768128.0
2901803794432.0
2898280316928.0
2906090373120.0
2915922345984.0
2936384782336.0
2922131226624.0
2920658501632.0
2922421944320.0
2962303746048.0
2992107421696.0
2926455816192.0
2907519582208.0
2898790973440.0
2918386237440.0
2920188215296.0
2905530171392.0
2924104908800.0
2891326685184.0
2870888890368.0
2907160969216.0
2901259059200.0
2945236074496.0
2954059055104.0
2930693898240.0
2918300254208.0
2892543033344.0
2926534721536.0
2985786867712.0
2927797469184.0
2903102193664.0
2921355804672.0
2959192883200.0
2892482740224.0
2922549084160.0
2849651032064.0
2873179766784.0
2915311812608.0
2897093853184.0
2879909265408.0
2836961689600.0
2865732517888.0
2891426824192.0
2878772871168.0
2883135209472.0
2817385299968.0
2828583305216.0
2837836464128.0
2914833924096.0
2916165615616.0
2892682493952.0
2859103944704.0
2881847033856.0
2963293863936.0
2923115577344.0
2874260586496.0
2853656330240.0
2882068807680.0
2843580563456.0
2863802613760.0
2876480159744.0
2836570570752.0
2878829756416.0
2896583720960.0
2844635168768.0
2898509430784.0
2900726382592.0
2858928832512.0
2901904195584.0
2869300822016.0
2866424053760.0
2796538036224.0
2858706534400.0
2840387911680.0
2870387933184.0
2802722537472.0
2848360497152.0
2857211002880.0
2856770863104.0
2805168078848.0
2911788072960.0
2955329142784.0
2853176868864.0
2899075923968.0
2842601455616.0
2883717955584.0
2865362108416.0
2817483866112.0
2859987369984.0
2805075279872.0
2808829444096.0
2803956187136.0
2818843869184.0
2810996850688.0
2819067740160.0
2797390266368.0
2835263782912.0
2864033562624.0
2805301510144.0
2792907341824.0
2828985171968.0
2867023314944.0
2862250721280.0
2824741322752.0
2796958253056.0
2880217284608.0
2877379051520.0
2870520315904.0
2878637604864.0
2828328501248.0
2811637006336.0
2819071410176.0
2806228975616.0
2861144997888.0
2859962204160.0
2846750146560.0
2818672427008.0
2816255459328.0
2782921228288.0
2817855586304.0
2836754071552.0
2811589820416.0
2831755509760.0
2843295612928.0
2814061314048.0
2771233538048.0
2808827871232.0
2863600500736.0
2874409484288.0
2817708523520.0
2811148894208.0
2790388137984.0
2798637285376.0
2788162011136.0
2774925049856.0
2850629091328.0
2859662311424.0
2837275213824.0
2813488791552.0
2807861870592.0
2831759966208.0
2817645346816.0
2808328749056.0
2818594570240.0
2816406978560.0
2847741575168.0
2831942680576.0
2956521897984.0
2839933616128.0
2814250582016.0
2849770045440.0
2788344987648.0
2850976956416.0
2790899318784.0
2807334436864.0
2783412486144.0
2794378231808.0
2774317662208.0
2825139781632.0
2792315944960.0
2797396033536.0
2793313927168.0
2833658413056.0
2918300778496.0
2766532509696.0
2923077566464.0
2824801878016.0
2803184959488.0
2792082898944.0
2734287486976.0
2856082472960.0
2741617295360.0
2781045063680.0
2786942779392.0
2718223302656.0
2834163040256.0
2827919294464.0
2800547266560.0
2858914676736.0
2869246558208.0
2803472007168.0
2792385675264.0
2730641326080.0
2800604413952.0
2748033794048.0
2738354126848.0
2726378340352.0
2770981093376.0
2782324588544.0
2785122975744.0
2740569505792.0
2787041607680.0
2747449475072.0
2720362135552.0
2749544005632.0
2735184281600.0
2790292717568.0
2784261832704.0
2786949857280.0
2819709468672.0
2747632451584.0
2774241116160.0
2741214642176.0
2821032247296.0
2809726500864.0
2736996483072.0
2813373448192.0
2792130347008.0
2804376403968.0
2839702405120.0
2736222371840.0
2755180625920.0
2767033204736.0
2756725964800.0
2743347970048.0
2714209615872.0
2739843629056.0
2720304988160.0
2718316888064.0
2795724341248.0
2752292323328.0
2724635082752.0
2716161015808.0
2736847847424.0
2683542175744.0
2682304069632.0
2747204632576.0
2722588524544.0
2747103969280.0
2783767429120.0
2765428883456.0
2720183877632.0
2747759591424.0
2794696212480.0
2780921593856.0
2760346959872.0
2746281361408.0
2697406185472.0
2734118404096.0
2730521788416.0
2709103837184.0
2729726443520.0
2728747859968.0
2767246589952.0
2864012853248.0
2757783715840.0
2864389292032.0
2810873643008.0
2788107485184.0
2797407567872.0
2731185537024.0
2734390247424.0
2687923126272.0
2712992219136.0
2719289442304.0
2768706469888.0
2674024775680.0
2720060407808.0
2699426267136.0
2742600859648.0
2731302977536.0
2721963573248.0
2711554883584.0
2680657018880.0
2702540013568.0
2684931014656.0
2766570782720.0
2729655926784.0
2768656400384.0
2793978462208.0
2761917726720.0
2755265036288.0
2715711176704.0
2752428113920.0
2692787208192.0
2690234449920.0
2667517050880.0
2668293521408.0
2680162877440.0
2715136032768.0
2735850127360.0
2800750952448.0
2758999015424.0
2717826940928.0
2724529438720.0
2679775952896.0
2700988645376.0
2784930299904.0
2789087903744.0
2777221431296.0
2769347411968.0
2812517285888.0
2745555222528.0
2737327570944.0
2711531552768.0
2707025297408.0
2694432948224.0
2715409448960.0
2723962421248.0
2703255666688.0
2709294415872.0
2745865601024.0
2659893903360.0
2709309358080.0
2688513474560.0
2702439088128.0
2690103640064.0
2692479975424.0
2726863568896.0
2729200320512.0
2729310158848.0
2723825844224.0
2757112627200.0
2700493193216.0
2729347907584.0
2802623971328.0
2757772705792.0
2804981694464.0
2765246955520.0
2705017798656.0
2658102935552.0
2643427065856.0
2656017842176.0
2678830137344.0
2676832075776.0
2722536095744.0
2661148000256.0
2722921971712.0
2791077052416.0
2752843874304.0
2750002233344.0
2665010429952.0
2706690277376.0
2681981108224.0
2668754370560.0
2654305255424.0
2693477695488.0
2726718603264.0
2722117451776.0
2762875338752.0
2742132932608.0
2735557050368.0
2739440975872.0
2709235171328.0
2667869896704.0
2712521408512.0
2664292155392.0
2736142155776.0
2719996182528.0
2689396637696.0
2682337099776.0
2680536694784.0
2656024657920.0
2697272229888.0
2750990778368.0
2745691537408.0
2825901834240.0
2747322859520.0
2656097009664.0
2685368008704.0
2643730104320.0
2679509352448.0
2721804189696.0
2701029015552.0
2666700734464.0
2640430759936.0
2652891512832.0
2647280058368.0
2661221662720.0
2638759067648.0
2622471274496.0
2658803122176.0
2686593269760.0
2693871960064.0
2778654310400.0
2772902608896.0
2785649623040.0
2735033810944.0
2663925678080.0
2830844297216.0
2745086509056.0
2691270180864.0
2684299771904.0
2651888025600.0
2628829839360.0
2635973263360.0
2659497279488.0
2617764478976.0
2653131636736.0
2756229726208.0
2654065393664.0
2594371796992.0
2612518977536.0
2605032931328.0
2611528335360.0
2629489655808.0
2665722413056.0
2627503390720.0
2685395009536.0
2821219155968.0
2691000434688.0
2628521820160.0
2632239284224.0
2627522527232.0
2638610169856.0
2616094883840.0
2630716227584.0
2644816953344.0
2709713321984.0
2758149668864.0
2803446579200.0
2742547644416.0
2711551475712.0
2689659830272.0
2714353270784.0
2631880146944.0
2662253723648.0
2621835837440.0
2632512438272.0
2607281864704.0
2640817422336.0
2630738509824.0
2641091887104.0
2629606834176.0
2636121899008.0
2609229070336.0
2646214443008.0
2618423246848.0
2605121273856.0
2633783050240.0
2609120542720.0
2615513186304.0
2616011522048.0
2634972659712.0
2667330404352.0
2640514383872.0
2654795726848.0
2616652201984.0
2644185710592.0
2729124823040.0
2724392337408.0
2663738245120.0
2644855750656.0
2695318994944.0
2678580051968.0
2642386092032.0
2710497132544.0
2640094691328.0
2647989682176.0
2609241915392.0
2646235152384.0
2624657555456.0
2622635376640.0
2632517943296.0
2604105990144.0
2641622990848.0
2696682143744.0
2655263391744.0
2674665193472.0
2662302744576.0
2589504831488.0
2591245729792.0
2597719113728.0
2606549696512.0
2598030016512.0
2644437368832.0
2620023898112.0
2611803586560.0
2604265897984.0
2565443420160.0
2541003997184.0
2618161102848.0
2681531793408.0
2672418881536.0
2691134652416.0
2708171915264.0
2592901169152.0
2667886411776.0
2687485083648.0
2623518539776.0
2705732141056.0
2634199859200.0
2664825356288.0
2587145535488.0
2596962828288.0
2623854084096.0
2551195893760.0
2569845080064.0
2596446928896.0
2619817852928.0
2613940060160.0
2662052134912.0
2664568979456.0
2687647088640.0
2723263545344.0
2621567401984.0
2644797554688.0
2632637218816.0
2612311097344.0
2635521851392.0
2634441555968.0
2608348528640.0
2667001151488.0
2660483203072.0
2684611461120.0
2692463198208.0
2585015091200.0
2585839009792.0
2628731011072.0
2617383583744.0
2536084078592.0
2620120104960.0
2653310418944.0
2602008313856.0
2660057481216.0
2740733345792.0
2704721051648.0
2621658103808.0
2573099597824.0
2613344468992.0
2672634626048.0
2598835847168.0
2612539949056.0
2716388556800.0
2732447236096.0
2608264642560.0
2705866096640.0
2641239998464.0
2634986553344.0
2615431659520.0
2632870526976.0
2597987549184.0
2676103315456.0
2658218278912.0
2683454881792.0
2657280065536.0
2625798406144.0
2636521144320.0
2606912503808.0
2633613967360.0
2703661989888.0
2697208004608.0
2613063450624.0
2633831022592.0
2608822484992.0
2610996969472.0
2595502424064.0
2614570778624.0
2639966240768.0
2685920608256.0
2715896250368.0
2762544250880.0
2611453886464.0
2604513361920.0
2625528397824.0
2590082334720.0
2566311641088.0
2588219015168.0
2598379192320.0
2587539275776.0
2547872956416.0
2587075543040.0
2606945009664.0
2621984473088.0
2653874290688.0
2637423968256.0
2695733706752.0
2624580485120.0
2625013547008.0
2624895057920.0
2727173685248.0
2691878879232.0
2630464045056.0
2666222059520.0
2610594578432.0
2549867085824.0
2629566201856.0
2548479033344.0
2588076408832.0
2643728793600.0
2609302208512.0
2718658199552.0
2714635599872.0
2636620496896.0
2602502193152.0
2591402491904.0
2603298586624.0
2593048756224.0
2586633043968.0
2599532625920.0
2659146006528.0
2716367323136.0
2634157916160.0
2630190891008.0
2659658498048.0
2679965745152.0
2587003977728.0
2621306830848.0
2597863817216.0
2647664361472.0
2632837758976.0
2633517498368.0
2564133748736.0
2589608902656.0
2626117697536.0
2605220626432.0
2529128873984.0
2519029252096.0
2543010971648.0
2657441021952.0
2742593519616.0
2615349346304.0
2623265570816.0
2713273761792.0
2665996353536.0
2592195739648.0
2639823110144.0
2595356409856.0
2581622947840.0
2622567743488.0
2604941180928.0
2535745388544.0
2565033426944.0
2589102178304.0
2545513660416.0
2542419836928.0
2528552943616.0
2587605860352.0
2625046052864.0
2624382828544.0
2668325765120.0
2657045446656.0
2620135047168.0
2632823341056.0
2608570302464.0
2683074248704.0
2652563570688.0
2625976401920.0
2680556093440.0
2607928573952.0
2586829914112.0
2620046442496.0
2685262364672.0
2670163656704.0
2707559284736.0
2634671980544.0
2594513616896.0
2568274837504.0
2583436984320.0
2593730330624.0
2627856236544.0
2599359086592.0
2621809885184.0
2588647358464.0
2559464439808.0
2574057472000.0
2661962743808.0
2615805476864.0
2625037664256.0
2651301347328.0
2569266528256.0
2643505446912.0
2628532043776.0
2567659847680.0
2616002084864.0
2601498705920.0
2642846941184.0
2567302545408.0
2553994018816.0
2527149686784.0
2578852610048.0
2610858557440.0
2800436641792.0
2721133363200.0
2616291491840.0
2909109485568.0
2589931077632.0
2672641966080.0
2670332215296.0
2562867593216.0
2645743894528.0
2575319695360.0
2649559662592.0
2566409682944.0
2572526551040.0
2528096288768.0
2534600605696.0
2535438942208.0
2520697012224.0
2507272617984.0
2522943586304.0
2573228572672.0
2511737716736.0
2573161988096.0
2519257579520.0
2556932653056.0
2499491659776.0
2527879757824.0
2499945693184.0
2519220617216.0
2548968194048.0
2572596543488.0
2594656747520.0
2579799474176.0
2545366073344.0
2575239741440.0
2550265020416.0
2538133520384.0
2573429899264.0
2535158972416.0
2560442236928.0
2518042542080.0
2491402944512.0
2530715107328.0
2593207091200.0
2544314613760.0
2537023602688.0
2529872576512.0
2524846751744.0
2497873182720.0
2524358377472.0
2522965606400.0
2520968593408.0
2501502304256.0
2500769349632.0
2527774375936.0
2559008833536.0
2578208784384.0
2536980873216.0
2516717404160.0
2534392201216.0
2547610812416.0
2519866015744.0
2510955216896.0
2506632462336.0
2510169309184.0
2507045076992.0
2511562342400.0
2656936394752.0
2629353603072.0
2586783252480.0
2692277862400.0
2640920969216.0
2582185508864.0
2568793620480.0
2520356487168.0
2519767449600.0
2499021373440.0
2483365609472.0
2478457749504.0
2470155124736.0
2522560331776.0
2544732471296.0
2571891900416.0
2552737824768.0
2489997590528.0
2640564453376.0
2714403078144.0
2569689366528.0
2593011007488.0
2586216759296.0
2535222935552.0
2572225871872.0
2504955527168.0
2516000440320.0
2507062902784.0
2562717646848.0
2525868326912.0
2562259419136.0
2571796217856.0
2537792471040.0
2512657055744.0
2559418302464.0
2584468258816.0
2494832574464.0
2548026572800.0
2525920493568.0
2514852249600.0
2478093107200.0
2522634518528.0
2612198899712.0
2678645587968.0
2570854596608.0
2736635248640.0
2529848983552.0
2570774380544.0
2515940671488.0
2479510519808.0
2505400385536.0
2524763914240.0
2475695800320.0
2470877593600.0
2453589721088.0
2480958341120.0
2486443442176.0
2450542559232.0
2472158429184.0
2504559427584.0
2524540567552.0
2513371136000.0
2513405739008.0
2492636594176.0
2551463280640.0
2579547029504.0
2510371684352.0
2500760961024.0
2490029572096.0
2468798791680.0
2501557354496.0
2548921532416.0
2515144802304.0
2514951340032.0
2533278875648.0
2510028800000.0
2470920847360.0
2474310107136.0
2578745655296.0
2590890786816.0
2503482540032.0
2532273815552.0
2577261920256.0
2480261300224.0
2575908732928.0
2544694460416.0
2503787413504.0
2547200294912.0
2484504887296.0
2478518566912.0
2534703890432.0
2511850962944.0
2465793572864.0
2530686795776.0
2557489971200.0
2540652724224.0
2531570483200.0
2547755515904.0
2585870204928.0
2547662716928.0
2583613669376.0
2508651495424.0
2651096875008.0
2692208918528.0
2533647974400.0
2597089968128.0
2560094109696.0
2579718733824.0
2659899146240.0
2590007885824.0
2493493805056.0
2589859250176.0
2571475877888.0
2505388326912.0
2503945224192.0
2473818587136.0
2521505988608.0
2498149220352.0
2487751278592.0
2491341078528.0
2509798637568.0
2529380270080.0
2556028256256.0
2509896417280.0
2485081341952.0
2507820498944.0
2557051666432.0
2559826198528.0
2577968660480.0
2471195049984.0
2497134198784.0
2482789416960.0
2473061253120.0
2486316302336.0
2486891446272.0
2497646428160.0
2488625004544.0
2472449933312.0
2477235109888.0
2489668075520.0
2579147784192.0
2690789670912.0
2618819870720.0
2505099444224.0
2520855871488.0
2510075199488.0
2507582996480.0
2500841439232.0
2499853942784.0
2540755746816.0
2579475464192.0
2507816304640.0
2491944009728.0
2533036392448.0
2554562084864.0
2537186656256.0
2714642153472.0
2665581379584.0
2643459309568.0
2577527734272.0
2570048241664.0
2536641658880.0
2680864112640.0
2506527080448.0
2477963345920.0
2519420370944.0
2516122599424.0
2576396320768.0
2585485377536.0
2647163666432.0
2689544486912.0
2627353444352.0
2532068818944.0
2596985110528.0
2496105545728.0
2574211088384.0
2578828754944.0
2493328130048.0
2567017332736.0
2461174857728.0
2462409818112.0
2507847499776.0
2545966645248.0
2561669595136.0
2492582068224.0
2551992287232.0
2467954688000.0
2459083472896.0
2513243996160.0
2491304902656.0
2520809472000.0
2598228983808.0
2542904279040.0
2482205884416.0
2554222084096.0
2600392982528.0
2508990971904.0
2576073883648.0
2482276139008.0
2562044461056.0
2512930996224.0
2485226831872.0
2469050712064.0
2521083936768.0
2493792124928.0
2477752057856.0
2450327601152.0
2484187168768.0
2490779041792.0
2457500909568.0
2500212031488.0
2620586196992.0
2577554735104.0
2519234772992.0
2643175931904.0
2596774346752.0
2555628748800.0
2528288178176.0
2525533044736.0
2515727286272.0
2504123219968.0
2512745136128.0
2587089174528.0
2454015967232.0
2472808022016.0
2528746930176.0
2589968564224.0
2532445782016.0
2467374825472.0
2540817088512.0
2517774106624.0
2432436797440.0
2486404644864.0
2545125425152.0
2572958040064.0
2591391744000.0
2641400168448.0
2636408422400.0
2552712134656.0
2627452010496.0
2511288401920.0
2512652337152.0
2468113285120.0
2532937039872.0
2503868416000.0
2496147488768.0
2502557958144.0
2521742966784.0
2477248741376.0
2493365092352.0
2431520342016.0
2465725677568.0
2573851951104.0
2512870965248.0
2443469914112.0
2463970099200.0
2508519899136.0
2480010690560.0
2539383685120.0
2512506322944.0
2496844529664.0
2564603510784.0
2594487402496.0
2529225867264.0
2532132257792.0
2574790164480.0
2587085242368.0
2484698349568.0
2480020652032.0
2500301946880.0
2490419380224.0
2499291381760.0
2516337819648.0
2467168256000.0
2451080216576.0
2529180516352.0
2565616173056.0
2517533982720.0
2562858156032.0
2581619277824.0
2513277812736.0
2494984880128.0
2485854404608.0
2445254590464.0
2513023533056.0
2563903586304.0
2525536190464.0
2519740186624.0
2501680824320.0
2463975342080.0
2485389361152.0
2511077638144.0
2470403112960.0
2510702772224.0
2515984711680.0
2466614870016.0
2466465710080.0
2601303670784.0
2649337102336.0
2530184527872.0
2445660127232.0
2433847132160.0
2450687524864.0
2465993326592.0
2463609389056.0
2505929129984.0
2578694275072.0
2549670215680.0
2482293440512.0
2527075237888.0
2656094912512.0
2684949626880.0
2521747685376.0
2512460185600.0
2437197332480.0
2452412956672.0
2516369014784.0
2468877959168.0
2530816294912.0
2573585350656.0
2504617099264.0
2397675192320.0
2400953827328.0
2404452925440.0
2416622698496.0
2446209056768.0
2427458682880.0
2451609747456.0
2621997842432.0
2650294714368.0
2484866646016.0
2724037918720.0
2648164007936.0
2537035923456.0
2479280881664.0
2484887617536.0
2533565136896.0
2477031161856.0
2412470861824.0
2442153951232.0
2456894832640.0
2568385200128.0
2617753468928.0
2550925885440.0
2476974276608.0
2538411917312.0
2525246783488.0
2458142375936.0
2505031286784.0
2670373371904.0
2609637228544.0
2501497061376.0
2503577698304.0
2450172936192.0
2554947436544.0
2587151040512.0
2456424284160.0
2452432879616.0
2481118511104.0
2427653718016.0
2408175370240.0
2432375455744.0
2445815840768.0
2427070709760.0
2413292421120.0
2421370650624.0
2493844029440.0
2580554448896.0
2468633640960.0
2445383041024.0
2460114223104.0
2432085000192.0
2467794518016.0
2403365814272.0
2401298022400.0
2431605538816.0
2452391985152.0
2413714472960.0
2408699920384.0
2450142003200.0
2487222534144.0
2447839068160.0
2480217522176.0
2715981185024.0
2688436666368.0
2532928126976.0
2626729541632.0
2467289890816.0
2491654864896.0
2501327192064.0
2458031226880.0
2437991104512.0
2440578465792.0
2426830848000.0
2414601830400.0
2486853435392.0
2523013316608.0
2472305229824.0
2408383512576.0
2422503636992.0
2382685536256.0
2424916148224.0
2438171459584.0
2403074310144.0
2415823683584.0
2447314780160.0
2483672842240.0
2523657666560.0
2461840441344.0
2451352584192.0
2579911147520.0
2491689205760.0
2514131091456.0
2499110240256.0
2463158763520.0
2529648967680.0
2461497294848.0
2440850571264.0
2421782216704.0
2450156683264.0
2451783548928.0
2428344205312.0
2418985140224.0
2465250934784.0
2468706254848.0
2524802711552.0
2416296067072.0
2430068064256.0
2527120850944.0
2531332194304.0
2450533646336.0
2452059848704.0
2433298989056.0
2461768351744.0
2465273217024.0
2434944466944.0
2453881225216.0
2397003317248.0
2434083323904.0
2536949415936.0
2491879260160.0
2493538893824.0
2503962787840.0
2524130312192.0
2507513790464.0
2442817699840.0
2433647902720.0
2537879240704.0
2462764236800.0
2426795720704.0
2448249847808.0
2428305145856.0
2464219398144.0
2439404060672.0
2448239099904.0
2458246971392.0
2508752420864.0
2490788478976.0
2438362300416.0
2440044216320.0
2431972802560.0
2486598107136.0
2437147525120.0
2452729888768.0
2426567917568.0
2383270117376.0
2417480957952.0
2480658972672.0
2491917008896.0
2407825932288.0
2546340200448.0
2629406031872.0
2507158585344.0
2511552380928.0
2446675673088.0
2442615324672.0
2390427697152.0
2417256038400.0
2403012706304.0
2417729994752.0
2587567849472.0
2562959081472.0
2403226353664.0
2552554323968.0
2504479735808.0
2493352247296.0
2567028867072.0
2411494375424.0
2512900849664.0
2526354604032.0
2485970796544.0
2485268250624.0
2445704429568.0
2428463218688.0
2487644323840.0
2526308728832.0
2431511953408.0
2511688171520.0
2454836477952.0
2464089636864.0
2476960382976.0
2479312863232.0
2473112371200.0
2462579163136.0
2376033370112.0
2427520286720.0
2443606228992.0
2454635151360.0
2485745352704.0
2616853004288.0
2496484343808.0
2555534376960.0
2553398165504.0
2500544954368.0
2578897436672.0
2497326088192.0
2433186004992.0
2626780397568.0
2492280864768.0
2463984254976.0
2530755215360.0
2393858113536.0
2476916342784.0
2457737887744.0
2458666401792.0
2542050213888.0
2539953324032.0
2429988634624.0
2449104437248.0
2431765446656.0
2423722606592.0
2443941511168.0
2535782875136.0
2655994773504.0
2457255018496.0
2452579942400.0
2493517922304.0
2458041974784.0
2395608449024.0
2464545243136.0
2479410905088.0
2469723111424.0
2450014601216.0
2444170100736.0
2486979526656.0
2507216519168.0
2491933261824.0
2399333253120.0
2385639374848.0
2388315078656.0
2430917935104.0
2408521924608.0
2383333818368.0
2448330588160.0
2527384305664.0
2578915000320.0
2519064903680.0
2465063239680.0
2488687132672.0
2428198977536.0
2462432362496.0
2465857536000.0
2530320842752.0
2608428220416.0
2472216100864.0
2452703150080.0
2442219487232.0
2440666021888.0
2467832266752.0
2482216370176.0
2451270270976.0
2477284655104.0
2464016760832.0
2435189833728.0
2437496700928.0
2409857286144.0
2421532393472.0
2391164059648.0
2458028867584.0
2456742789120.0
2507424661504.0
2483737591808.0
2400135938048.0
2448690249728.0
2508549521408.0
2452325662720.0
2455091806208.0
2405872959488.0
2478180401152.0
2496805994496.0
2440061517824.0
2516596555776.0
2531318562816.0
2452716781568.0
2493151444992.0
2629865308160.0
2447327887360.0
2506126000128.0
2457840123904.0
2482378375168.0
2385567023104.0
2417467850752.0
2404692262912.0
2460287500288.0
2426103922688.0
2355817611264.0
2389485551616.0
2383710781440.0
2362364133376.0
2406326730752.0
2434182676480.0
2427763032064.0
2478357610496.0
2550760734720.0
2470617284608.0
2517788000256.0
2395693907968.0
2430755405824.0
2393261735936.0
2443307122688.0
2424497242112.0
2484484440064.0
2466107621376.0
2399745867776.0
2421841199104.0
2437129699328.0
2427182383104.0
2478356299776.0
2433442906112.0
2426333560832.0
2378794270720.0
2429272457216.0
2470831980544.0
2453074870272.0
2384942071808.0
2408953937920.0
2368968851456.0
2426772389888.0
2459913420800.0
2546183700480.0
2494544478208.0
2447967518720.0
2478356824064.0
2468176461824.0
2434725838848.0
2404992417792.0
2486322331648.0
2476907954176.0
2394622263296.0
2430626693120.0
2393046515712.0
2383935700992.0
2400564805632.0
2450406768640.0
2454173253632.0
2492341157888.0
2418985140224.0
2405708595200.0
2408515108864.0
2404037165056.0
2397530750976.0
2449691115520.0
2416320184320.0
2480663691264.0
2417253416960.0
2403697950720.0
2437947588608.0
2498986246144.0
2403272753152.0
2431696502784.0
2470078054400.0
2421891530752.0
2393206423552.0
2387272531968.0
2387747012608.0
2429389635584.0
2411071012864.0
2422775742464.0
2435794337792.0
2373352161280.0
2366642323456.0
2374718455808.0
2386898452480.0
2425073958912.0
2415521169408.0
2413805699072.0
2574758445056.0
2575661793280.0
2473094283264.0
2696826322944.0
2573613137920.0
2468139237376.0
2550423879680.0
2375882637312.0
2529744650240.0
2449610113024.0
2407830388736.0
2437461835776.0
2390244982784.0
2381151469568.0
2375199752192.0
2420151943168.0
2437523439616.0
2416268804096.0
2381846675456.0
2381843005440.0
2401440628736.0
2470052364288.0
2476519981056.0
2383181250560.0
2448487612416.0
2440336769024.0
2396088958976.0
2403686940672.0
2434514550784.0
2502815645696.0
2490011484160.0
2481078927360.0
2602849271808.0
2453148794880.0
2442912595968.0
2656366493696.0
2427536539648.0
2457914310656.0
2527881854976.0
2383958507520.0
2431087280128.0
2407338082304.0
2553689931776.0
2508859113472.0
2390712123392.0
2451989594112.0
2410700079104.0
2386277695488.0
2358516908032.0
2365740023808.0
2331151958016.0
2365774102528.0
2332193456128.0
2386670125056.0
2469409849344.0
2407544651776.0
2401813135360.0
2437762514944.0
2390312878080.0
2419983384576.0
2347249696768.0
2403674882048.0
2454305374208.0
2540361482240.0
2457755975680.0
2410637950976.0
2412201377792.0
2362261372928.0
2382500724736.0
2414713241600.0
2399233900544.0
2416899522560.0
2402347122688.0
2378226466816.0
2405676351488.0
2392786731008.0
2389839970304.0
2457567232000.0
2418715394048.0
2393610125312.0
2419202981888.0
2314107617280.0
2392540053504.0
2410035806208.0
2353949310976.0
2401974353920.0
2369738244096.0
2459141931008.0
2419623198720.0
2437055774720.0
2392434147328.0
2382735605760.0
2377244999680.0
2347341971456.0
2391765680128.0
2439275610112.0
2418768871424.0
2344665219072.0
2369922269184.0
2453402550272.0
2509731790848.0
2380850003968.0
2601548775424.0
2511388278784.0
2434496987136.0
2624755597312.0
2398161731584.0
2422672457728.0
2475022090240.0
2440474132480.0
2435591438336.0
2385861672960.0
2377586311168.0
2391966482432.0
2388417052672.0
2409799090176.0
2424282284032.0
2386826887168.0
2472276656128.0
2480105586688.0
2458472153088.0
2460130738176.0
2443654725632.0
2375797964800.0
2406172852224.0
2434584018944.0
2438061359104.0
2370887483392.0
2360736743424.0
2442144251904.0
2470242156544.0
2409624240128.0
2513499586560.0
2507699126272.0
2403400679424.0
2695710638080.0
2508922028032.0
2463975866368.0
2582848208896.0
2413552730112.0
2430249992192.0
2429939089408.0
2420166885376.0
2387039223808.0
2363358183424.0
2357814886400.0
2344456552448.0
2368917733376.0
2327242080256.0
2347227414528.0
2364741779456.0
2381185024000.0
2337348780032.0
2366503911424.0
2353534074880.0
2413703462912.0
2432221577216.0
2363850227712.0
2390139076608.0
2401923497984.0
2374330482688.0
2457910640640.0
2477612597248.0
2371045818368.0
2443048910848.0
2378721918976.0
2412724879360.0
2336166510592.0
2345343909888.0
2365195026432.0
2326806921216.0
2409533800448.0
2327281401856.0
2321886740480.0
2363803041792.0
2414982725632.0
2421076787200.0
2405217599488.0
2449762156544.0
2367225856000.0
2405844910080.0
2420249722880.0
2448503078912.0
2432293928960.0
2382197424128.0
2366614536192.0
2414432223232.0
2407954644992.0
2370340651008.0
2329576210432.0
2378013081600.0
2382535327744.0
2333033103360.0
2326706782208.0
2367576866816.0
2356620034048.0
2377297428480.0
2400306855936.0
2484509081600.0
2384583983104.0
2437075435520.0
2439406682112.0
2385999822848.0
2416405643264.0
2352841752576.0
2437163515904.0
2401025392640.0
2409800663040.0
2486722887680.0
2569665249280.0
2445654097920.0
2456214306816.0
2417958846464.0
2432010027008.0
2414314258432.0
2405019418624.0
2364793683968.0
2377364799488.0
2362380910592.0
2393648398336.0
2352051912704.0
2419734085632.0
2368334200832.0
2382804811776.0
2419250167808.0
2450822791168.0
2369561034752.0
2398570414080.0
2420765097984.0
2395905458176.0
2385182720000.0
2385016520704.0
2368490700800.0
2347556929536.0
2379763154944.0
2406228164608.0
2393613795328.0
2339506225152.0
2388784578560.0
2592502972416.0
2654754832384.0
2532195172352.0
2385908072448.0
2559845597184.0
2503029555200.0
2371481501696.0
2456014028800.0
2405950816256.0
2363642347520.0
2430013276160.0
2423012196352.0
2383258058752.0
2423047847936.0
2370476703744.0
2369914667008.0
2330436829184.0
2388439859200.0
2506355376128.0
2628187586560.0
2477701726208.0
2450959368192.0
2373118590976.0
2393941475328.0
2464085442560.0
2525778149376.0
2409288171520.0
2377950691328.0
2476334907392.0
2356657782784.0
2439077429248.0
2571083972608.0
2463508725760.0
2404930551808.0
2315471290368.0
2352767303680.0
2374313181184.0
2373013471232.0
2437322113024.0
2485973680128.0
2504499134464.0
2359422353408.0
2360007720960.0
2360262524928.0
2320531718144.0
2411513511936.0
2414012268544.0
2311572684800.0
2409853091840.0
2441972809728.0
2408973598720.0
2442982326272.0
2374784253952.0
2375776993280.0
2343931740160.0
2384317644800.0
2535931510784.0
2573634895872.0
2359174103040.0
2604725698560.0
2551493951488.0
2376503656448.0
2421789556736.0
2301009068032.0
2366887165952.0
2448502554624.0
2425167544320.0
2350597013504.0
2424057888768.0
2329032523776.0
2419545604096.0
2481685790720.0
2320585195520.0
2365851697152.0
2443627986944.0
2393172869120.0
2355722977280.0
2474559930368.0
2459995471872.0
2395251146752.0
2595979001856.0
2596823629824.0
2413125435392.0
2467979853824.0
2446632681472.0
2389859368960.0
2509228474368.0
2506779525120.0
2336768917504.0
2460487254016.0
2502018727936.0
2401843544064.0
2398066835456.0
2329297551360.0
2364313436160.0
2371662905344.0
2401274691584.0
2359815045120.0
2307286630400.0
2359990157312.0
2507498586112.0
2500252401664.0
2382388002816.0
2405774917632.0
2380532809728.0
2387667845120.0
2357929705472.0
2457520308224.0
2597180145664.0
2388572766208.0
2503888076800.0
2598293733376.0
2361101123584.0
2494961811456.0
2348481511424.0
2348218843136.0
2356053278720.0
2311534411776.0
2399614533632.0
2428792733696.0
2462080565248.0
2496888832000.0
2390716317696.0
2318370078720.0
2328543887360.0
2383745646592.0
2454662938624.0
2453631926272.0
2456789975040.0
2557083910144.0
2458853048320.0
2398718263296.0
2339925131264.0
2327650238464.0
2386598035456.0
2416113614848.0
2456348000256.0
2315352801280.0
2355830980608.0
2419938033664.0
2462660427776.0
2357046542336.0
2385308549120.0
2388017020928.0
2368048988160.0
2353893212160.0
2443637424128.0
2473835888640.0
2477458456576.0
2394268106752.0
2475262738432.0
2611646824448.0
2381455556608.0
2436457037824.0
2503140966400.0
2301857103872.0
2354893029376.0
2324483276800.0
2305213071360.0
2359049846784.0
2364420653056.0
2332436201472.0
2298945732608.0
2292464484352.0
2318008320000.0
2398845140992.0
2452832649216.0
2459527544832.0
2519595483136.0
2335916163072.0
2366122229760.0
2406577340416.0
2325960196096.0
2342105382912.0
2363273248768.0
2325303263232.0
2339889217536.0
2335563055104.0
2316050104320.0
2343298138112.0
2477433815040.0
2663400865792.0
2471680802816.0
2392677416960.0
2435057975296.0
2410707943424.0
2366071898112.0
2335210209280.0
2380605161472.0
2377299001344.0
2332398977024.0
2370298445824.0
2352688922624.0
2308617273344.0
2471112474624.0
2664706080768.0
2412904448000.0
2502443925504.0
2429592535040.0
2357254422528.0
2415228092416.0
2326298361856.0
2357157953536.0
2415567306752.0
2329764429824.0
2337294778368.0
2342902300672.0
2267067187200.0
2323213975552.0
2334872567808.0
2360756928512.0
2413804650496.0
2319317204992.0
2349051936768.0
2430518951936.0
2357101854720.0
2514669273088.0
2592013811712.0
2463802327040.0
2437013569536.0
2387251036160.0
2384491184128.0
2324331757568.0
2365875027968.0
2430910070784.0
2348894650368.0
2328498798592.0
2383748268032.0
2405920931840.0
2358910386176.0
2460958064640.0
2396327510016.0
2358003630080.0
2484841742336.0
2407930003456.0
2396434726912.0
2409804857344.0
2328424611840.0
2368717979648.0
2396796747776.0
2320921001984.0
2330384924672.0
2392516984832.0
2378585866240.0
2413310246912.0
2339241984000.0
2363815886848.0
2438611861504.0
2401154105344.0
2379989909504.0
2626895216640.0
2458335051776.0
2505009266688.0
2419048841216.0
2397159555072.0
2364177907712.0
2396455436288.0
2419971325952.0
2358808936448.0
2325013331968.0
2346777575424.0
2341933940736.0
2368237993984.0
2285495123968.0
2315601313792.0
2420702707712.0
2384598401024.0
2320662790144.0
2547132137472.0
2525709205504.0
2442393026560.0
2592661307392.0
2465559478272.0
2430559584256.0
2405003952128.0
2343875903488.0
2354096373760.0
2364036612096.0
2379770757120.0
2379611111424.0
2330767917056.0
2342430179328.0
2373686657024.0
2315793727488.0
2442178592768.0
2414966996992.0
2315161436160.0
2447976693760.0
2359795646464.0
2357281685504.0
2387000688640.0
2324482228224.0
2359536648192.0
2471674773504.0
2545501863936.0
2439043088384.0
2668927385600.0
2441890496512.0
2441179299840.0
2427365097472.0
2463519473664.0
2400636108800.0
2400171065344.0
2320274292736.0
2305334444032.0
2368564363264.0
2363789148160.0
2302299602944.0
2370602795008.0
2357773729792.0
2353484791808.0
2312003649536.0
2335467110400.0
2275531292672.0
2300910764032.0
2351218819072.0
2320174415872.0
2279326613504.0
2364715302912.0
2388832813056.0
2408568586240.0
2336208977920.0
2348191055872.0
2334297423872.0
2444653494272.0
2505744318464.0
2421888909312.0
2426905296896.0
2303043829760.0
2357032648704.0
2467632775168.0
2479786295296.0
2393138266112.0
2411060527104.0
2381991116800.0
2345358065664.0
2370959572992.0
2341122605056.0
2296888164352.0
2334200954880.0
2310817710080.0
2292191854592.0
2287607480320.0
2293719629824.0
2278700089344.0
2335563055104.0