29789448568832.0
29184577503232.0
28618407280640.0
27978293575680.0
27432115503104.0
26950793953280.0
26307735846912.0
25776061677568.0
25269809184768.0
24819420626944.0
24533278916608.0
24036100800512.0
23734173827072.0
23398742753280.0
23086866890752.0
22731059888128.0
22241228095488.0
21765700976640.0
21389465616384.0
21163963056128.0
20523018878976.0
20116857159680.0
19800730370048.0
19229216604160.0
18851110584320.0
18461663166464.0
18078037442560.0
17851096236032.0
17416785494016.0
17147089649664.0
16817708859392.0
16521956950016.0
16239391932416.0
15988599816192.0
15736955207680.0
15446542647296.0
15117469089792.0
14812757098496.0
14518478438400.0
14259069124608.0
14006140010496.0
13802999382016.0
13572551737344.0
13310177050624.0
13119701123072.0
12935130775552.0
12644431953920.0
12437526937600.0
12308657995776.0
12116483375104.0
11949725188096.0
11785140699136.0
11636792360960.0
11404499222528.0
11247538929664.0
10980880809984.0
10808190828544.0
10627309371392.0
10458513801216.0
10248661237760.0
10109733306368.0
10006929866752.0
9865465430016.0
9731724804096.0
9619560726528.0
9517366509568.0
9387324211200.0
9297396236288.0
9229039566848.0
9148129345536.0
9073904844800.0
8982141861888.0
8915447185408.0
8826244825088.0
8700558311424.0
8603144552448.0
8571436662784.0
8470833659904.0
8357143904256.0
8308521959424.0
8211276496896.0
8136239874048.0
7994224410624.0
7920095330304.0
7910191005696.0
7830857842688.0
7758440038400.0
7692125995008.0
7562470096896.0
7484183937024.0
7403893948416.0
7315839254528.0
7265134313472.0
7220674691072.0
7146337468416.0
7100097363968.0
7064760877056.0
7004662267904.0
6924783321088.0
6895728328704.0
6842140852224.0
6791068909568.0
6725597921280.0
6656434372608.0
6602631413760.0
6554734559232.0
6477264715776.0
6399813222400.0
6342184009728.0
6306233057280.0
6276141547520.0
6263410786304.0
6185546678272.0
6135726735360.0
6098093867008.0
6062508867584.0
6033547198464.0
5980909207552.0
5957263294464.0
5933517242368.0
5860181934080.0
5788892397568.0
5764050583552.0
5726087413760.0
5663189106688.0
5599674761216.0
5553815289856.0
5524316225536.0
5472558514176.0
5424347611136.0
5373662593024.0
5336218992640.0
5295106424832.0
5260086083584.0
5204655210496.0
5172813627392.0
5077084405760.0
5061324308480.0
5015942463488.0
4984493572096.0
4946329075712.0
4899834167296.0
4864190971904.0
4849370398720.0
4828330196992.0
4814861762560.0
4788289798144.0
4773099077632.0
4741603000320.0
4731258798080.0
4722430836736.0
4700354117632.0
4702389403648.0
4670407835648.0
4655559475200.0
4629436825600.0
4590828257280.0
4537371852800.0
4473947684864.0
4430565998592.0
4398490058752.0
4375680385024.0
4343308746752.0
4325828722688.0
4271800320000.0
4248508301312.0
4226986541056.0
4198310608896.0
4158800265216.0
4108721848320.0
4077905772544.0
4036843012096.0
3993558319104.0
3971834183680.0
3955996229632.0
3945728049152.0
3925580972032.0
3862620012544.0
3854378729472.0
3850537271296.0
3826008457216.0
3792709877760.0
3768801296384.0
3752067334144.0
3744427409408.0
3730176999424.0
3716838326272.0
3672359567360.0
3651330375680.0
3647317475328.0
3657060057088.0
3618384117760.0
3594643046400.0
3557971460096.0
3542102310912.0
3552966606848.0
3550117363712.0
3530024812544.0
3506950373376.0
3483164999680.0
3462338183168.0
3446746644480.0
3440259629056.0
3424964313088.0
3415973036032.0
3382983000064.0
3393688698880.0
3366855376896.0
3350776512512.0
3343936126976.0
3341206945792.0
3324668018688.0
3306624647168.0
3303369342976.0
3274057449472.0
3259858681856.0
3250532122624.0
3229620895744.0
3218416861184.0
3191314579456.0
3178523262976.0
3166389141504.0
3161990627328.0
3162541916160.0
3154537349120.0
3134936055808.0
3116314918912.0
3129772867584.0
3123362398208.0
3112377516032.0
3095488364544.0
3079711752192.0
3074535981056.0
3067816706048.0
3072142606336.0
3045672878080.0
3029018869760.0
3042130264064.0
3011407511552.0
2998214328320.0
2993315905536.0
2999210475520.0
2971230535680.0
2963482345472.0
2963454033920.0
2967244636160.0
2953031712768.0
2966284926976.0
2940918562816.0
2924518309888.0
2915588636672.0
2905569230848.0
2925593362432.0
2909653696512.0
2888958738432.0
2894954496000.0
2876185247744.0
2863623831552.0
2868003209216.0
2864948969472.0
2861128744960.0
2847223578624.0
2830657650688.0
2811864023040.0
2822841040896.0
2840798429184.0
2808810045440.0
2797547552768.0
2767204646912.0
2754873917440.0
2734116306944.0
2708185546752.0
2719796428800.0
2730158981120.0
2739677954048.0
2725489672192.0
2703978659840.0
2694251544576.0
2678329704448.0
2689153368064.0
2700868583424.0
2691164012544.0
2681177899008.0
2664920252416.0
2670316224512.0
2680331698176.0
2677831630848.0
2669750517760.0
2662863470592.0
2639693086720.0
2614081617920.0
2610242256896.0
2588034203648.0
2578990497792.0
2577767858176.0
2572204638208.0
2565360320512.0
2578292146176.0
2563423076352.0
2554925678592.0
2562348285952.0
2569931849728.0
2570343940096.0
2537308028928.0
2547517227008.0
2565539364864.0
2571179130880.0
2544929341440.0
2545417715712.0
2527693111296.0
2510654799872.0
2517738717184.0
2515358711808.0
2517390589952.0
2500917985280.0
2466773729280.0
2471719075840.0
2488002674688.0
2469780258816.0
2465902886912.0
2473706651648.0
2444115836928.0
2436171825152.0
2452948516864.0
2425536118784.0
2463540183040.0
2434072051712.0
2414641414144.0
2413497417728.0
2395714879488.0
2404355145728.0
2398318755840.0
2383276670976.0
2392219713536.0
2373662015488.0
2373703696384.0
2374340968448.0
2369729855488.0
2378643800064.0
2371240067072.0
2376579940352.0
2365478928384.0
2392912822272.0
2349254836224.0
2353560289280.0
2362878984192.0
2350413774848.0
2348111626240.0
2336569425920.0
2314486415360.0
2327106813952.0
2319975710720.0
2330175471616.0
2319666905088.0
2327463854080.0
2312247705600.0
2301449994240.0
2314719461376.0
2307032350720.0
2319983312896.0
2325001535488.0
2321923178496.0
2302944477184.0
2315391860736.0
2316091260928.0
2310291849216.0
2314297147392.0
2279200522240.0
2299395309568.0
2319110373376.0
2312235909120.0
2276350492672.0
2280933294080.0
2271397543936.0
2290044108800.0
2292761231360.0
2291452084224.0
2299819720704.0
2283771265024.0
2260345028608.0
2286125318144.0
2285317914624.0
2283270569984.0
2264814059520.0
2273969438720.0
2269857710080.0
2265879937024.0
2278848200704.0
2263761813504.0
2235388395520.0
2230068445184.0
2235452620800.0
2233058459648.0
2233612632064.0
2218061987840.0
2218298179584.0
2235303460864.0
2220900220928.0
2236502245376.0
2210881601536.0
2242665512960.0
2221778665472.0
2217033596928.0
2232100323328.0
2231074291712.0
2210242756608.0
2202726563840.0
2209350418432.0
2201714950144.0
2217583575040.0
2202957250560.0
2208211402752.0
2208737525760.0
2194697224192.0
2187344216064.0
2194952683520.0
2179026124800.0
2166116319232.0
2184076328960.0
2164425752576.0
2174020747264.0
2172039462912.0
2171938275328.0
2154918969344.0
2156323274752.0
2155435261952.0
2172183117824.0
2142177329152.0
2129402920960.0
2124863242240.0
2134750789632.0
2137076269056.0
2153594617856.0
2132460961792.0
2143850201088.0
2141246062592.0
2159942828032.0
2154016538624.0
2158852177920.0
2176785055744.0
2144184172544.0
2126836924416.0
2109608820736.0
2131253657600.0
2107745370112.0
2112398688256.0
2130358042624.0
2131526287360.0
2133462089728.0
2111355486208.0
2110015012864.0
2121472147456.0
2125823213568.0
2098175410176.0
2103832739840.0
2118668779520.0
2119999160320.0
2131514359808.0
2120240070656.0
2092562644992.0
2075072135168.0
2086023200768.0
2095495512064.0
2085667995648.0
2085624872960.0
2080141606912.0
2078654332928.0
2068820787200.0
2066649841664.0
2060197560320.0
2074008616960.0
2059710889984.0
2070981378048.0
2066482462720.0
2046768054272.0
2039557128192.0
2047550816256.0
2050828926976.0
2083301621760.0
2082184888320.0
2067689504768.0
2043686813696.0
2063207759872.0
2097311252480.0
2060743081984.0
2073462308864.0
2070365732864.0
2052708892672.0
2040894455808.0
2055943487488.0
2034853347328.0
2027241996288.0
2043467268096.0
2065664311296.0
2072037556224.0
2054319767552.0
2044473376768.0
2096122953728.0
2045057171456.0
2052912709632.0
2037969453056.0
2059608915968.0
2031046885376.0
2050621308928.0
2021367742464.0
2016180961280.0
2036848656384.0
2029763166208.0
2015957352448.0
2010563477504.0
2011864498176.0
2011293810688.0
1988796612608.0
1989466390528.0
1967027650560.0
1981906288640.0
1967307882496.0
1978436288512.0
1968821501952.0
1969660755968.0
1949628366848.0
1977375260672.0
1933853196288.0
1955049897984.0
1956953456640.0
1919417712640.0
1958180552704.0
1955127361536.0
1938714525696.0
1939423756288.0
1926599540736.0
1945619922944.0
1919760334848.0
1937796759552.0
1882986905600.0
1918053908480.0
1900654886912.0
1921472528384.0
1919274319872.0
1923059023872.0
1923674013696.0
1887813369856.0
1913464946688.0
1873876353024.0
1903159934976.0
1887739052032.0
1888147341312.0
1907543506944.0
1879824793600.0
1883750662144.0
1881695846400.0
1888922894336.0
1896494530560.0
1879764893696.0
1901620363264.0
1894271942656.0
1881458343936.0
1899464228864.0
1873030676480.0
1875829063680.0
1891002875904.0
1859447947264.0
1876344569856.0
1848258985984.0
1840861413376.0
1837975863296.0
1852192849920.0
1842193760256.0
1850565197824.0
1862624608256.0
1852329689088.0
1830836240384.0
1844340588544.0
1860836786176.0
1846913269760.0
1837442531328.0
1837597720576.0
1854809964544.0
1857067417600.0
1823342329856.0
1844640481280.0
1842823954432.0
1858509996032.0
1864432484352.0
1867416076288.0
1857421180928.0
1841979064320.0
1846146760704.0
1809322082304.0
1831750336512.0
1851997028352.0
1859538649088.0
1826642984960.0
1834673242112.0
1823194742784.0
1803719016448.0
1822674911232.0
1858760474624.0
1830927990784.0
1796426694656.0
1810429509632.0
1832443183104.0
1815882366976.0
1793300365312.0
1817534529536.0
1795539599360.0
1784039866368.0
1788282142720.0
1815913168896.0
1810671992832.0
1774095433728.0
1782512091136.0
1779341721600.0
1815712104448.0
1823595167744.0
1775808806912.0
1780355825664.0
1782509076480.0
1779954221056.0
1775842885632.0
1777615241216.0
1781276082176.0
1804133203968.0
1785357271040.0
1772270649344.0
1786509787136.0
1762848014336.0
1783411769344.0
1747788234752.0
1760682049536.0
1762348630016.0
1807682633728.0
1768674033664.0
1820525723648.0
1784578179072.0
1788000862208.0
1774388510720.0
1757813014528.0
1762144944128.0
1756889350144.0
1769648947200.0
1794460090368.0
1776785031168.0
1772655214592.0
1741369638912.0
1761930903552.0
1785260933120.0
1772635815936.0
1761809006592.0
1772940165120.0
1773581238272.0
1767502512128.0
1781008695296.0
1788837363712.0
1774919614464.0
1797607391232.0
1749148106752.0
1754769915904.0
1759533858816.0
1754008911872.0
1758992531456.0
1781375303680.0
1742809595904.0
1754859569152.0
1771087855616.0
1743629582336.0
1750159065088.0
1747903578112.0
1754004455424.0
1743046049792.0
1742099709952.0
1757177446400.0
1756364406784.0
1757217685504.0
1741640302592.0
1739383111680.0
1763594731520.0
1736783691776.0
1742627012608.0
1743050768384.0
1735241236480.0
1724878028800.0
1714736070656.0
1738323525632.0
1742206533632.0
1760828325888.0
1725920182272.0
1733852921856.0
1733757894656.0
1689364463616.0
1701641715712.0
1723911766016.0
1707081990144.0
1713275535360.0
1717085143040.0
1693873471488.0
1731301998592.0
1711035777024.0
1712750198784.0
1713763254272.0
1689832128512.0
1686638559232.0
1725912580096.0
1708524044288.0
1725271900160.0
1738113941504.0
1708705316864.0
1687378460672.0
1715806142464.0
1729000374272.0
1738266116096.0
1723157970944.0
1715695517696.0
1807849881600.0
1691410890752.0
1705324052480.0
1695882674176.0
1781902082048.0
1672627093504.0
1673105637376.0
1685293891584.0
1669515444224.0
1717042544640.0
1689256460288.0
1680450781184.0
1718927228928.0
1652722499584.0
1692513075200.0
1665561001984.0
1666513502208.0
1720749129728.0
1647826698240.0
1680971399168.0
1677372948480.0
1674150936576.0
1679187116032.0
1669906300928.0
1689346768896.0
1669327618048.0
1642800611328.0
1677782941696.0
1704258043904.0
1656103763968.0
1647792095232.0
1686095790080.0
1675440160768.0
1694302863360.0
1690077233152.0
1745365237760.0
1667498770432.0
1654517661696.0
1669892145152.0
1742375485440.0
1619947814912.0
1656134828032.0
1650074189824.0
1616056156160.0
1672168079360.0
1668790353920.0
1620484292608.0
1656173363200.0
1654055239680.0
1608077279232.0
1665785135104.0
1666612723712.0
1629209231360.0
1629253533696.0
1673603448832.0
1671322796032.0
1638188187648.0
1664012255232.0
1672269529088.0
1682335072256.0
1653424259072.0
1686459121664.0
1682275565568.0
1636704190464.0
1673915269120.0
1630397923328.0
1677995147264.0
1633877884928.0
1626270859264.0
1607368704000.0
1626939064320.0
1619243827200.0
1590654402560.0
1655124787200.0
1627527577600.0
1624643731456.0
1638152273920.0
1648678010880.0
1653877243904.0
1647529689088.0
1650869403648.0
1634045919232.0
1617753800704.0
1631656083456.0
1667908763648.0
1659048820736.0
1589626273792.0
1617533861888.0
1616736944128.0
1637566119936.0
1591884120064.0
1597204594688.0
1591281057792.0
1603883761664.0
1607864287232.0
1674344267776.0
1592031707136.0
1604589322240.0
1621889646592.0
1615392931840.0
1633747206144.0
1615995863040.0
1597487579136.0
1584473178112.0
1640553775104.0
1609581854720.0
1597787865088.0
1588904591360.0
1635047571456.0
1594034487296.0
1610735681536.0
1611616747520.0
1597590208512.0
1591730503680.0
1621135589376.0
1603074785280.0
1614726299648.0
1615493201920.0
1635023323136.0
1567546671104.0
1654165733376.0
1578938138624.0
1591497588736.0
1643165515776.0
1632798507008.0
1619100696576.0
1627600715776.0
1621823717376.0
1600214138880.0
1573019582464.0
1609638346752.0
1606915588096.0
1629460365312.0
1618872369152.0
1619514621952.0
1578897899520.0
1588973404160.0
1582058569728.0
1600028016640.0
1605676040192.0
1576734294016.0
1563628404736.0
1583408742400.0
1584634265600.0
1592708300800.0
1613500907520.0
1575553204224.0
1558281453568.0
1596319596544.0
1627586166784.0
1591594450944.0
1583149350912.0
1586776113152.0
1580245975040.0
1576085618688.0
1553863016448.0
1550171373568.0
1583941681152.0
1571683303424.0
1552704339968.0
1582269857792.0
1580382420992.0
1583763685376.0
1547878137856.0
1600593723392.0
1549030391808.0
1556805844992.0
1568387497984.0
1551358754816.0
1561217204224.0
1545571663872.0
1524333543424.0
1534452039680.0
1524560429056.0
1516091867136.0
1551291383808.0
1530400079872.0
1549480361984.0
1549597671424.0
1539425435648.0
1540700897280.0
1535938134016.0
1538989752320.0
1541287706624.0
1572884316160.0
1530543341568.0
1544268546048.0
1540218159104.0
1540517265408.0
1528481710080.0
1543787118592.0
1550762115072.0
1557603287040.0
1527477829632.0
1553365073920.0
1564499509248.0
1563740733440.0
1559820500992.0
1534424776704.0
1577323331584.0
1543236222976.0
1573248827392.0
1542166413312.0
1553691836416.0
1528450908160.0
1544997699584.0
1557766864896.0
1560859901952.0
1579342888960.0
1539753377792.0
1537188823040.0
1538919366656.0
1570005843968.0
1571369779200.0
1532720316416.0
1533562847232.0
1555108462592.0
1543873757184.0
1556305543168.0
1574146408448.0
1525998944256.0
1534066819072.0
1529322274816.0
1524638679040.0
1548500598784.0
1520399024128.0
1507115532288.0
1553898930176.0
1574761398272.0
1555239403520.0
1554422431744.0
1515342004224.0
1531954593792.0
1539838574592.0
1550689763328.0
1609464152064.0
1539598057472.0
1540258267136.0
1545300213760.0
1549343391744.0
1544920236032.0
1520420257792.0
1521651941376.0
1532867117056.0
1530860011520.0
1517171769344.0
1522160893952.0
1559382720512.0
1528783175680.0
1509845368832.0
1507727376384.0
1573916508160.0
1587019251712.0
1576665743360.0
1554916048896.0
1551626665984.0
1506792439808.0
1516767805440.0
1522128781312.0
1575398146048.0
1533766008832.0
1536719978496.0
1508286660608.0
1482339254272.0
1501815767040.0
1573385797632.0
1560500633600.0
1532415049728.0
1522257100800.0
1572780900352.0
1565029564416.0
1554765578240.0
1516934660096.0
1527946805248.0
1549621526528.0
1563206352896.0
1508456923136.0
1507517005824.0
1532443885568.0
1536398327808.0
1526232252416.0
1532302721024.0
1541966921728.0
1510210011136.0
1501699637248.0
1554238668800.0
1493451014144.0
1518210908160.0
1520374120448.0
1520801939456.0
1508376051712.0
1507029680128.0
1511934394368.0
1513424683008.0
1525475966976.0
1530504544256.0
1529669353472.0
1497640992768.0
1512725544960.0
1523814236160.0
1563974434816.0
1540785569792.0
1490684739584.0
1499532099584.0
1533073293312.0
1544028815360.0
1542960447488.0
1555088277504.0
1525643476992.0
1510319063040.0
1505101086720.0
1489779818496.0
1509567496192.0
1554563203072.0
1511164739584.0
1497009487872.0
1515664703488.0
1515600216064.0
1525237415936.0
1533297819648.0
1504853622784.0
1509042290688.0
1495303716864.0
1517701562368.0
1524929921024.0
1563112374272.0
1490429935616.0
1486967799808.0
1517100466176.0
1506228830208.0
1473424654336.0
1477906268160.0
1489891885056.0
1503519965184.0
1514635132928.0
1496451383296.0
1521406181376.0
1494016065536.0
1488135913472.0
1497689227264.0
1492705345536.0
1514082664448.0
1496838963200.0
1491997163520.0
1486127104000.0
1496737120256.0
1534565548032.0
1491673939968.0
1504182534144.0
1473842774016.0
1491814580224.0
1500174221312.0
1504821248000.0
1479984021504.0
1493799665664.0
1524194344960.0
1461018689536.0
1484863569920.0
1470074454016.0
1465540411392.0
1501455450112.0
1499840380928.0
1532419506176.0
1460562427904.0
1478355058688.0
1517744816128.0
1499410989056.0
1457472798720.0
1476300767232.0
1525661696000.0
1506673426432.0
1467418148864.0
1461096939520.0
1439805734912.0
1460360052736.0
1440540786688.0
1459910868992.0
1471245713408.0
1465006948352.0
1519435907072.0
1475409477632.0
1487164145664.0
1496523210752.0
1477547655168.0
1446304415744.0
1444408983552.0
1460532936704.0
1504341917696.0
1449712812032.0
1487081963520.0
1477807308800.0
1457360470016.0
1476293427200.0
1447990657024.0
1479911931904.0
1513907159040.0
1465228197888.0
1495901011968.0
1464649121792.0
1454019444736.0
1469126148096.0
1470505287680.0
1487039234048.0
1471901859840.0
1477193367552.0
1475216539648.0
1491277709312.0
1452322324480.0
1442278277120.0
1473202356224.0
1471703154688.0
1455174451200.0
1427563610112.0
1453760577536.0
1477872189440.0
1469087612928.0
1483139448832.0
1486774075392.0
1476707745792.0
1430240493568.0
1444326670336.0
1451393679360.0
1485857357824.0
1450160422912.0
1457799823360.0
1457743200256.0
1479661584384.0
1461562114048.0
1496037720064.0
1450992730112.0
1435922595840.0
1470860886016.0
1442565586944.0
1460795998208.0
1520457744384.0
1456230236160.0
1477411602432.0
1470418386944.0
1432994447360.0
1432224530432.0
1437910827008.0
1461447032832.0
1453679968256.0
1455912910848.0
1466471153664.0
1486999126016.0
1432894439424.0
1435598061568.0
1455163179008.0
1512455798784.0
1490946490368.0
1466695155712.0
1451507449856.0
1477349736448.0
1484149227520.0
1479011598336.0
1487593275392.0
1493197783040.0
1417268166656.0
1415382827008.0
1412975296512.0
1470173020160.0
1488084533248.0
1444249075712.0
1454447788032.0
1443311386624.0
1412103667712.0
1433241387008.0
1477131108352.0
1439208833024.0
1445006016512.0
1487040413696.0
1462662070272.0
1447057555456.0
1513748168704.0
1433926762496.0
1447029637120.0
1558356295680.0
1481916547072.0
1435963097088.0
1447736901632.0
1446428409856.0
1444086022144.0
1437662576640.0
1514898980864.0
1455007858688.0
1415659913216.0
1422562820096.0
1468414689280.0
1443531587584.0
1410603417600.0
1433970278400.0
1433629884416.0
1438516248576.0
1452295192576.0
1448618491904.0
1426015387648.0
1400825446400.0
1425346658304.0
1419702173696.0
1381581717504.0
1380441128960.0
1406686593024.0
1436285009920.0
1408803536896.0
1377402093568.0
1414249840640.0
1459407814656.0
1398097575936.0
1420571574272.0
1458541821952.0
1432014684160.0
1415179665408.0
1498865205248.0
1410491744256.0
1402356105216.0
1446992936960.0
1417834921984.0
1415618756608.0
1428571553792.0
1387730567168.0
1367751655424.0
1455874768896.0
1390432878592.0
1387208900608.0
1456469049344.0
1410958884864.0
1384878440448.0
1381217861632.0
1541705302016.0
1401806913536.0
1439960399872.0
1447758921728.0
1484330106880.0
1405336682496.0
1383943110656.0
1417561636864.0
1480398864384.0
1363923304448.0
1378733522944.0
1425366450176.0
1406310809600.0
1366071312384.0
1390996619264.0
1364075216896.0
1378023374848.0
1373257596928.0
1381504122880.0
1382412845056.0
1378922266624.0
1434594836480.0
1418968694784.0
1376513425408.0
1368356683776.0
1405618487296.0
1404814753792.0
1397306687488.0
1441783218176.0
1408055902208.0
1406144217088.0
1410446000128.0
1416970371072.0
1380545462272.0
1406071865344.0
1399220338688.0
1382704873472.0
1391494955008.0
1389827850240.0
1393605345280.0
1372468019200.0
1425922064384.0
1445469618176.0
1425160536064.0
1386375806976.0
1366218375168.0
1384585887744.0
1368363368448.0
1414305415168.0
1431278452736.0
1423909584896.0
1333988950016.0
1370489356288.0
1362935939072.0
1450679730176.0
1392233152512.0
1411262709760.0
1363226132480.0
1362932531200.0
1419198070784.0
1414764953600.0
1399846993920.0
1358762475520.0
1382439190528.0
1392411934720.0
1369430032384.0
1403872608256.0
1429662859264.0
1339995193344.0
1370729873408.0
1361290067968.0
1380523048960.0
1366206971904.0
1407200002048.0
1366967189504.0
1372326723584.0
1430005612544.0
1418516234240.0
1349539463168.0
1372943286272.0
1477907316736.0
1465777651712.0
1388985188352.0
1359668838400.0
1427200278528.0
1427134480384.0
1392859414528.0
1388820037632.0
1510560235520.0
1382953648128.0
1380325785600.0
1412085972992.0
1536955777024.0
1371516043264.0
1378025603072.0
1361323491328.0
1418097852416.0
1367613112320.0
1387978293248.0
1450233954304.0
1337021825024.0
1389919600640.0
1445045207040.0
1388618448896.0
1396684619776.0
1409007616000.0
1318093193216.0
1368725258240.0
1368566136832.0
1381202657280.0
1389949616128.0
1547366301696.0
1373084581888.0
1373399678976.0
1456916135936.0
1414740312064.0
1368433491968.0
1411602055168.0
1371988557824.0
1355588960256.0
1366328475648.0
1471652560896.0
1369889701888.0
1399685644288.0
1426297454592.0
1372089483264.0
1356479332352.0
1392523083776.0
1387072323584.0
1354965581824.0
1352993734656.0
1390133379072.0
1413112922112.0
1351974125568.0
1374559141888.0
1433339297792.0
1410230124544.0
1363686195200.0
1373470195712.0
1560639963136.0
1406328766464.0
1342202707968.0
1542283984896.0
1356303040512.0
1361806360576.0
1395043074048.0
1390606811136.0
1370799603712.0
1459781107712.0
1350745456640.0
1396150501376.0
1354364354560.0
1330317099008.0
1346435022848.0
1404496117760.0
1359637118976.0
1363764838400.0
1370598146048.0
1458968592384.0
1320967208960.0
1315839410176.0
1377235107840.0
1417823387648.0
1364460830720.0
1358064517120.0
1374675927040.0
1440743948288.0
1429988966400.0
1423757803520.0
1384331739136.0
1470352195584.0
1393331535872.0
1359673294848.0
1305915162624.0
1388847038464.0
1351858126848.0
1372783116288.0
1353129394176.0
1294013825024.0
1407732940800.0
1339095252992.0
1341123985408.0
1381015224320.0
1400351490048.0
1339606302720.0
1365762113536.0
1450136043520.0
1324243353600.0
1305641877504.0
1450940039168.0
1397900312576.0
1358284718080.0
1369122013184.0
1429776891904.0
1406156537856.0
1330023104512.0
1328175775744.0
1387548114944.0
1376781860864.0
1406952275968.0
1351466090496.0
1358282096640.0
1394581569536.0
1354339319808.0
1350776520704.0
1370251460608.0
1333284700160.0
1306082148352.0
1347927932928.0
1347145957376.0
1490907824128.0
1346019786752.0
1338160971776.0
1405698048000.0
1331184271360.0
1372205875200.0
1410746941440.0
1398901964800.0
1316208640000.0
1340263890944.0
1406460493824.0
1402605666304.0
1408030867456.0
1425046765568.0
1390640103424.0
1371130167296.0
1382838829056.0
1382136938496.0
1348779900928.0
1385007677440.0
1454598520832.0
1335663001600.0
1318300286976.0
1376536494080.0
1348614619136.0
1327088533504.0
1341128572928.0
1325682655232.0
1340077768704.0
1347441393664.0
1337001639936.0
1326005616640.0
1385705766912.0
1338084163584.0
1314700394496.0
1351224655872.0
1323195432960.0
1361719590912.0
1366950543360.0
1349797281792.0
1331099336704.0
1308718006272.0
1334529097728.0
1359813410816.0
1349807112192.0
1354855350272.0
1333224144896.0
1301276131328.0
1276927934464.0
1345750040576.0
1358455111680.0
1348515135488.0
1345888452608.0
1339412709376.0
1346141683712.0
1307190624256.0
1411747545088.0
1338752106496.0
1328383524864.0
1364401061888.0
1337176752128.0
1340566274048.0
1332729348096.0
1345043824640.0
1331864535040.0
1355512283136.0
1400213340160.0
1371212873728.0
1317765513216.0
1303286382592.0
1308596109312.0
1334361456640.0
1393153277952.0
1318423101440.0
1313095286784.0
1321218080768.0
1354196189184.0
1320532049920.0
1352971059200.0
1383895924736.0
1337979305984.0
1329433935872.0
1299809304576.0
1298346672128.0
1307775074304.0
1340991471616.0
1327700639744.0
1287028867072.0
1321667526656.0
1298037211136.0
1291880759296.0
1298206949376.0
1333025439744.0
1339657814016.0
1276175581184.0
1319422787584.0
1328783818752.0
1369405652992.0
1385229975552.0
1392697671680.0
1325597982720.0
1362083053568.0
1291356995584.0
1300097925120.0
1295287844864.0
1285165678592.0
1330895388672.0
1384534114304.0
1327111602176.0
1286052511744.0
1321530818560.0
1433987448832.0
1331096453120.0
1283559391232.0
1325165707264.0
1313765851136.0
1341954981888.0
1277818961920.0
1255338278912.0
1290274734080.0
1315113009152.0
1386352738304.0
1300689584128.0
1325897220096.0
1355175428096.0
1341719183360.0
1344379420672.0
1366072754176.0
1365141356544.0
1288184266752.0
1290393878528.0
1269779922944.0
1376334118912.0
1284049469440.0
1300729692160.0
1353631399936.0
1292654870528.0
1341081387008.0
1364377337856.0
1267445530624.0
1267236732928.0
1262321401856.0
1326148747264.0
1331238535168.0
1286680346624.0
1306494894080.0
1328605167616.0
1374320852992.0
1316044406784.0
1288904376320.0
1410544697344.0
1300668219392.0
1329893474304.0
1338913062912.0
1383945601024.0
1301658992640.0
1312228507648.0
1318523502592.0
1344603422720.0
1291494883328.0
1338517749760.0
1329424498688.0
1287470579712.0
1309204807680.0
1313390198784.0
1285875695616.0
1306328301568.0
1273142444032.0
1325025460224.0
1310388125696.0
1327423160320.0
1305459425280.0
1310618288128.0
1285487984640.0
1287562461184.0
1279275958272.0
1331020431360.0
1293993377792.0
1343716982784.0
1292469403648.0
1294212792320.0
1306170884096.0
1298167103488.0
1354948149248.0
1297037131776.0
1272301879296.0
1362628182016.0
1308374073344.0
1326052147200.0
1313368440832.0
1283720478720.0
1296350314496.0
1305983582208.0
1300552744960.0
1305720389632.0
1288115847168.0
1346457305088.0
1320537817088.0
1398158917632.0
1300816461824.0
1303952752640.0
1312162316288.0
1377165639680.0
1309787553792.0
1377465532416.0
1255162773504.0
1299728433152.0
1453244022784.0
1289123004416.0
1311676432384.0
1317003853824.0
1311888637952.0
1340146712576.0
1374714986496.0
1309047783424.0
1302242263040.0
1309793845248.0
1317163761664.0
1303294377984.0
1285190713344.0
1334102196224.0
1310286938112.0
1308565962752.0
1329755586560.0
1353298345984.0
1307493531648.0
1292755927040.0
1324458180608.0
1284409655296.0
1309694230528.0
1333516566528.0
1311904628736.0
1373812293632.0
1356197265408.0
1312740737024.0
1266785714176.0
1250704752640.0
1329059856384.0
1382731218944.0
1280855900160.0
1296877486080.0
1273787318272.0
1362114379776.0
1342111350784.0
1267452477440.0
1397316911104.0
1263421227008.0
1307288666112.0
1313937293312.0
1294923202560.0
1253854150656.0
1306689273856.0
1309761339392.0
1407548260352.0
1297307140096.0
1368908365824.0
1343595216896.0
1386240933888.0
1277913989120.0
1252819468288.0
1336218222592.0
1313486929920.0
1287281704960.0
1266309267456.0
1300509097984.0
1313490075648.0
1282630090752.0
1301281767424.0
1290735976448.0
1290236198912.0
1286737494016.0
1303716560896.0
1262660354048.0
1281246494720.0
1290118889472.0
1306115964928.0
1290648420352.0
1294157479936.0
1285244059648.0
1270924181504.0
1264670212096.0
1316519542784.0
1287045120000.0
1288971747328.0
1357947863040.0
1308140765184.0
1279623430144.0
1339772895232.0
1347360391168.0
1288939503616.0
1274310295552.0
1348004741120.0
1304063639552.0
1287841775616.0
1284843634688.0
1345932230656.0
1313173405696.0
1286277562368.0
1312375963648.0
1331876593664.0
1381481185280.0
1303023845376.0
1257034743808.0
1252107223040.0
1349992185856.0
1277733896192.0
1287024279552.0
1260484427776.0
1286936199168.0
1288722055168.0
1267321536512.0
1313267253248.0
1324513361920.0
1272669011968.0
1280534380544.0
1301336293376.0
1324649021440.0
1243550711808.0
1318855639040.0
1283568959488.0
1397992849408.0
1268357660672.0
1281217789952.0
1271737483264.0
1375265619968.0
1262841888768.0
1261882310656.0
1260754042880.0
1334976708608.0
1324247941120.0
1279458279424.0
1312370458624.0
1295157166080.0
1283459383296.0
1365983494144.0
1355525128192.0
1256189460480.0
1261188153344.0
1265799004160.0
1323211554816.0
1299862126592.0
1258254237696.0
1258573004800.0
1300356923392.0
1282404515840.0
1257729818624.0
1289591717888.0
1271305469952.0
1281496842240.0
1262295711744.0
1314003091456.0
1266403901440.0
1304500240384.0
1238523969536.0
1245079011328.0
1326118993920.0
1297000955904.0
1241486327808.0
1256468774912.0
1374137876480.0
1296546791424.0
1293153206272.0
1302022062080.0
1259688296448.0
1244888039424.0
1266137300992.0
1285013110784.0
1234359025664.0
1224696135680.0
1351261356032.0
1293947109376.0
1245188980736.0
1285956567040.0
1261340196864.0
1272375148544.0
1333585510400.0
1260955238400.0
1268061569024.0
1243268120576.0
1276525805568.0
1257549987840.0
1300132003840.0
1247129239552.0
1287255228416.0
1242297270272.0
1327009103872.0
1261479657472.0
1234495078400.0
1284358537216.0
1273546932224.0
1229138821120.0
1308743958528.0
1279343984640.0
1302605725696.0
1275127529472.0
1225931489280.0
1284700897280.0
1284840620032.0
1271358423040.0
1286946422784.0
1284448976896.0
1336951439360.0
1300590755840.0
1302789881856.0
1256315420672.0
1261583466496.0
1268066549760.0
1250139701248.0
1248644169728.0
1248939868160.0
1300244987904.0
1261564854272.0
1232981458944.0
1268984315904.0
1316512595968.0
1251144630272.0
1244353003520.0
1362314133504.0
1284878893056.0
1246370856960.0
1345639940096.0
1268897021952.0
1306651525120.0
1244626550784.0
1240682594304.0
1266034147328.0
1325069238272.0
1272603475968.0
1321329229824.0
1331931119616.0
1277847928832.0
1307351973888.0
1299757924352.0
1269604417536.0
1282462580736.0
1358036205568.0
1261919010816.0
1263377055744.0
1238206513152.0
1235957841920.0
1266369822720.0
1229714751488.0
1264604413952.0
1298133680128.0
1253654659072.0
1223776010240.0
1284050386944.0
1299650052096.0
1217559396352.0
1238649143296.0
1451347673088.0
1274372685824.0
1323247075328.0
1299218694144.0
1426980470784.0
1249158365184.0
1268028014592.0
1253139808256.0
1295019147264.0
1290680664064.0
1271152771072.0
1296316497920.0
1258339041280.0
1303970316288.0
1301099053056.0
1260525977600.0
1228051316736.0
1274942717952.0
1261763035136.0
1261203881984.0
1230365523968.0
1305240403968.0
1282064121856.0
1235948929024.0
1364841463808.0
1256150401024.0
1229161758720.0
1249014972416.0
1268598964224.0
1262651310080.0
1250955100160.0
1274793426944.0
1209102499840.0
1266350292992.0
1318271582208.0
1253511790592.0
1291673534464.0
1253630935040.0
1252540809216.0
1397867020288.0
1292421955584.0
1258001793024.0
1302356688896.0
1281431175168.0
1319054868480.0
1291615469568.0
1305310920704.0
1249038958592.0
1286806175744.0
1320518025216.0
1271831461888.0
1232798744576.0
1261084475392.0
1233987567616.0
1255385858048.0
1433664225280.0
1220264853504.0
1244254044160.0
1246141612032.0
1365887418368.0
1253333663744.0
1231557230592.0
1351156367360.0
1354443390976.0
1253481119744.0
1252763500544.0
1300802043904.0
1295332671488.0
1226707435520.0
1255460962304.0
1312634961920.0
1271573512192.0
1272956321792.0
1274696695808.0
1322059563008.0
1235130384384.0
1236536655872.0
1269907849216.0
1297961975808.0
1219584851968.0
1282355232768.0
1462561275904.0
1346118877184.0
1310348279808.0
1275623899136.0
1381046157312.0
1295274999808.0
1250287026176.0
1248334970880.0
1297036476416.0
1261649788928.0
1286193545216.0
1335114596352.0
1209328861184.0
1237773713408.0
1363912163328.0
1259217747968.0
1225520578560.0
1262388379648.0
1232454025216.0
1200741285888.0
1210466435072.0
1272024399872.0
1231988719616.0
1259380408320.0
1265556258816.0
1240151883776.0
1301516910592.0
1291088822272.0
1295978201088.0
1321112436736.0
1262980169728.0
1282221539328.0
1254388137984.0
1294366670848.0
1206455238656.0
1237051113472.0
1272889737216.0
1252453515264.0
1293515227136.0
1240614043648.0
1249479753728.0
1224725757952.0
1287805206528.0
1232630710272.0
1229578305536.0
1292741771264.0
1289822928896.0
1290230956032.0
1247111544832.0
1400232214528.0
1265810538496.0
1371122696192.0
1251555672064.0
1224578301952.0
1308235661312.0
1270659153920.0
1246414503936.0
1309932781568.0
1288387166208.0
1259356291072.0
1306199457792.0
1254353403904.0
1278181113856.0
1290252582912.0
1303244701696.0
1363805470720.0
1306479427584.0
1271017242624.0
1267635322880.0
1428335362048.0
1235825197056.0
1266612830208.0
1343556550656.0
1341664002048.0
1305577521152.0
1336962973696.0
1264861708288.0
1312274776064.0
1319430258688.0
1263366832128.0
1250243772416.0
1273973178368.0
1300850278400.0
1252315627520.0
1250699509760.0
1237709750272.0
1283139829760.0
1273179406336.0
1257650388992.0
1207476027392.0
1218163245056.0
1256352907264.0
1281651769344.0
1253450973184.0
1311268143104.0
1246109368320.0
1215311511552.0
1229627588608.0
1247715786752.0
1312492355584.0
1266008981504.0
1246465884160.0
1242090176512.0
1307350138880.0
1265373675520.0
1253849432064.0
1234166218752.0
1405170876416.0
1234757877760.0
1254467174400.0
1389990510592.0
1321520857088.0
1253562646528.0
1246988861440.0
1263111503872.0
1299315163136.0
1221928681472.0
1281281753088.0
1376208289792.0
1309105455104.0
1240156864512.0
1270448521216.0
1275220459520.0
1273168396288.0
1213290512384.0
1216075399168.0
1261827784704.0
1260871221248.0
1204696383488.0
1214926028800.0
1269653307392.0
1271362486272.0
1219983310848.0
1281780482048.0
1259306614784.0
1225945251840.0
1257335685120.0
1213539287040.0
1232581820416.0
1202266308608.0
1211843477504.0
1284610195456.0
1254510559232.0
1217989836800.0
1198629322752.0
1286028787712.0
1239732322304.0
1233353179136.0
1243016986624.0
1264284860416.0
1209479462912.0
1192072183808.0
1210988625920.0
1271647961088.0
1231427993600.0
1230937653248.0
1235785482240.0
1189461229568.0
1228042403840.0
1226981507072.0
1219892609024.0
1238953492480.0
1229620641792.0
1280222429184.0
1226407149568.0
1212179546112.0
1197446266880.0
1247518392320.0
1212310355968.0
1220410998784.0
1260139839488.0
1211037122560.0
1250236956672.0
1244204892160.0
1284945739776.0
1220408115200.0
1214273683456.0
1195294588928.0
1236065452032.0
1214075371520.0
1210957299712.0
1234776883200.0
1237624160256.0
1215815876608.0
1201455235072.0
1237847900160.0
1192397111296.0
1186472394752.0
1289655418880.0
1245694394368.0
1212570796032.0
1220770529280.0
1237848424448.0
1190427623424.0
1207061577728.0
1257936781312.0
1221727354880.0
1212704358400.0
1212589801472.0
1333751185408.0
1206337142784.0
1206184050688.0
1200391585792.0
1236466663424.0
1231824224256.0
1201953832960.0
1277235953664.0
1254829588480.0
1198300463104.0
1214649729024.0
1246075289600.0
1212219392000.0
1220086464512.0
1208939446272.0
1201487216640.0
1250107719680.0
1216281051136.0
1241420660736.0
1247221383168.0
1201359945728.0
1202922455040.0
1230499610624.0
1216566788096.0
1209556533248.0
1228094308352.0
1222882099200.0
1204938473472.0
1258949705728.0
1218228518912.0
1248269565952.0
1237792063488.0
1236860796928.0
1300900085760.0
1205361049600.0
1196023218176.0
1229852639232.0
1247771361280.0
1240262770688.0
1237933096960.0
1215301681152.0
1221019041792.0
1207356096512.0
1233671946240.0
1202955223040.0
1183137660928.0
1245949722624.0
1305423642624.0
1228108464128.0
1267433734144.0
1218568519680.0
1200528818176.0
1208982831104.0
1300904935424.0
1244310011904.0
1224589180928.0
1222715637760.0
1235046367232.0
1210812989440.0
1225934635008.0
1225725444096.0
1197870415872.0
1232783015936.0
1223628947456.0
1228643500032.0
1251098755072.0
1194298966016.0
1247170920448.0
1194180608000.0
1228298780672.0
1223933165568.0
1256705490944.0
1227974377472.0
1197277184000.0
1239552360448.0
1174536060928.0
1315913596928.0
1208110284800.0
1210291191808.0
1269500739584.0
1277355098112.0
1178348158976.0
1243699478528.0
1245596090368.0
1224217985024.0
1220986273792.0
1220217143296.0
1215407194112.0
1178191003648.0
1287100432384.0
1236528005120.0
1197407731712.0
1258024337408.0
1207689412608.0
1269172928512.0
1202867404800.0
1190796853248.0
1254437552128.0
1244864184320.0
1248979058688.0
1336603836416.0
1282302541824.0
1221609783296.0
1242936508416.0
1279246860288.0
1203195609088.0
1214325456896.0
1298429640704.0
1266175967232.0
1212780642304.0
1199004450816.0
1259371626496.0
1241423937536.0
1175019978752.0
1251948101632.0
1231814393856.0
1182527389696.0
1224011415552.0
1169205755904.0
1178318405632.0
1274698792960.0
1224612249600.0
1238927147008.0
1212959424512.0
1251658825728.0
1343854477312.0
1242407370752.0
1206755262464.0
1212896378880.0
1263174942720.0
1240866357248.0
1215389237248.0
1288644198400.0
1208838520832.0
1234967068672.0
1213321445376.0
1224038940672.0
1285968494592.0
1224537276416.0
1195602608128.0
1263407071232.0
1286606946304.0
1248636174336.0
1222723764224.0
1364450082816.0
1253964382208.0
1236998029312.0
1210371145728.0
1244736258048.0
1216063602688.0
1198553038848.0
1244649357312.0
1351551549440.0
1222956285952.0
1231663923200.0
1207943036928.0
1224562442240.0
1237810675712.0
1210718748672.0
1215685722112.0
1208606785536.0
1286679035904.0
1222241550336.0
1254539395072.0
1252221779968.0
1293365280768.0
1222575128576.0
1224366358528.0
1255177453568.0
1242914619392.0
1243785199616.0
1259878481920.0
1275612233728.0
1195732107264.0
1238701178880.0
1247527829504.0
1329139941376.0
1296404578304.0
1236383825920.0
1245336961024.0
1302011838464.0
1398518841344.0
1270570549248.0
1266929762304.0
1330937856000.0
1351970979840.0
1230325153792.0
1214571216896.0
1215881281536.0
1328882384896.0
1235856130048.0
1210000474112.0
1215078203392.0
1279873384448.0
1255861649408.0
1188425498624.0
1240213880832.0
1261736558592.0
1213509795840.0
1230364999680.0
1242860486656.0
1230104559616.0
1182692802560.0
1195920850944.0
1198815838208.0
1289948495872.0
1218451210240.0
1240284790784.0
1181035003904.0
1198830125056.0
1188597858304.0
1214602805248.0
1191533215744.0
1244329279488.0
1221278040064.0
1217648001024.0
1291658199040.0
1262614216704.0
1205395652608.0
1267141050368.0
1229669138432.0
1222508937216.0
1255199473664.0
1259145003008.0
1238099558400.0
1290969284608.0
1191403061248.0
1227413913600.0
1290355343360.0
1199083749376.0
1245992189952.0
1241210290176.0
1217810923520.0
1195238227968.0
1208760139776.0
1266119213056.0
1217822195712.0
1285820514304.0
1207025795072.0
1242754187264.0
1319318585344.0
1202146115584.0
1219567026176.0
1260196331520.0
1271677452288.0
1264372809728.0
1304285675520.0
1250991538176.0
1212859809792.0
1209810419712.0
1208410570752.0
1276467478528.0
1243970535424.0
1248047923200.0
1398073196544.0
1274136756224.0
1220259872768.0
1267809910784.0
1276364455936.0
1234319966208.0
1221792628736.0
1228178718720.0
1260034719744.0
1209074712576.0
1243244658688.0
1177481248768.0
1193295085568.0
1236879802368.0
1187722166272.0
1175422107648.0
1298584567808.0
1188495228928.0
1206686973952.0
1278314545152.0
1236784250880.0
1200400367616.0
1349142052864.0
1211775320064.0
1212932161536.0
1317429051392.0
1220281368576.0
1236837859328.0
1289943777280.0
1274947567616.0
1186615787520.0
1214281809920.0
1200029040640.0
1335423008768.0
1253359747072.0
1241744539648.0
1197733576704.0
1252845158400.0
1197659652096.0
1240340889600.0
1229027672064.0
1208304533504.0
1246232313856.0
1212264218624.0
1231987802112.0
1199128182784.0
1190407307264.0
1221509251072.0
1212099592192.0
1256148566016.0
1222101565440.0
1299179241472.0
1244388655104.0
1213487251456.0
1245699637248.0
1232251125760.0
1269248557056.0
1200151986176.0
1250588098560.0
1290209460224.0
1247857737728.0
1221733646336.0
1255724417024.0
1303693623296.0
1301802123264.0
1216304513024.0
1252153753600.0
1291532632064.0
1301970681856.0
1221646221312.0
1225847341056.0
1213822795776.0
1315446980608.0
1219915022336.0
1194284548096.0
1214112989184.0
1255335919616.0
1287797866496.0
1217808957440.0
1229995638784.0
1333134229504.0
1256593555456.0
1217738702848.0
1232911597568.0
1217412071424.0
1206713450496.0
1255021215744.0
1241525649408.0
1236061388800.0
1289312796672.0
1251870244864.0
1223826997248.0
1254699433984.0
1275982249984.0
1186580791296.0
1246501666816.0
1220757028864.0
1218032959488.0
1232989716480.0
1218648997888.0
1230519664640.0
1230801469440.0
1225393045504.0
1252278140928.0
1233477566464.0
1254132678656.0
1218591326208.0
1217825865728.0
1223938539520.0
1266999885824.0
1295382216704.0
1209900859392.0
1212458467328.0
1208753192960.0
1199962849280.0
1255100252160.0
1222211796992.0
1229604257792.0
1241592889344.0
1216533233664.0
1241972080640.0
1231018262528.0
1250657304576.0
1207680761856.0
1241406111744.0
1363153125376.0
1236115914752.0
1181459546112.0
1266982846464.0
1205630533632.0
1265491247104.0
1179839365120.0
1199200534528.0
1234010243072.0
1184163954688.0
1189734514688.0
1214746591232.0
1201300045824.0
1202289377280.0
1290552475648.0
1215234441216.0
1217930199040.0
1289247260672.0
1270580903936.0
1226063609856.0
1189195153408.0
1264720543744.0
1195739185152.0
1159036141568.0
1216559972352.0
1227815911424.0
1228939460608.0
1185909571584.0
1205178990592.0
1235962822656.0
1197022904320.0
1218277277696.0
1182709317632.0
1253393563648.0
1250870296576.0
1163591286784.0
1209684459520.0
1226351968256.0
1220098129920.0
1165738377216.0
1189186502656.0
1219685253120.0
1255789821952.0
1211364802560.0
1250673557504.0
1273140477952.0
1225185820672.0
1216128483328.0
1203969851392.0
1236600225792.0
1185914028032.0
1203043041280.0
1220097736704.0
1214700847104.0
1198006992896.0
1215238373376.0
1193333620736.0
1183940608000.0
1167668805632.0
1185647951872.0
1201220878336.0
1200989667328.0
1240657559552.0
1210910507008.0
1200491724800.0
1224626929664.0
1248290406400.0
1282428633088.0
1187081093120.0
1202850365440.0
1206102261760.0
1224523382784.0
1218995027968.0
1197451902976.0
1255391887360.0
1208271110144.0
1208250007552.0
1185203748864.0
1186443821056.0
1164934774784.0
1201161371648.0
1217760460800.0
1212202876928.0
1181669392384.0
1280388235264.0
1233532878848.0
1239000809472.0
1211583168512.0
1252546314240.0
1176607653888.0
1170330615808.0
1229127942144.0
1201789075456.0
1218040692736.0
1255190822912.0
1209967312896.0
1220565270528.0
1181683154944.0
1183807963136.0
1154407989248.0
1138773065728.0
1144251482112.0
1184304726016.0
1169847484416.0
1229716717568.0
1191862992896.0
1198166245376.0
1160408465408.0
1153599799296.0
1168837050368.0
1194547347456.0
1194584440832.0
1162456727552.0
1212760850432.0
1187907895296.0
1201573855232.0
1158728646656.0
1234706890752.0
1155735486464.0
1157952176128.0
1204242874368.0
1200914038784.0
1198388281344.0
1162024583168.0
1172725432320.0
1157575606272.0
1189313118208.0
1201895374848.0
1166171570176.0
1191442513920.0
1246697488384.0
1179003125760.0
1200419504128.0
1236731953152.0
1176128716800.0
1170497994752.0
1169063936000.0
1213602332672.0
1197749305344.0
1168123625472.0
1177583091712.0
1222658097152.0
1247545393152.0
1247350358016.0
1204346290176.0
1207457677312.0
1173203058688.0
1175525916672.0
1154580742144.0
1205046345728.0
1200456204288.0
1154497773568.0
1218333638656.0
1165223526400.0
1159865827328.0
1201724981248.0
1219064758272.0
1211622752256.0
1189145608192.0
1174496477184.0
1181918691328.0
1193916760064.0
1192310341632.0
1141517320192.0
1150499422208.0
1211975860224.0
1163854217216.0
1167211888640.0
1207744462848.0
1185389740032.0
1294210170880.0
1183824740352.0
1176598872064.0
1172316880896.0
1208125489152.0
1163086528512.0
1172168638464.0
1138388369408.0
1179007975424.0
1192503934976.0
1172642988032.0
1196861161472.0
1183044206592.0
1169538809856.0
1142029811712.0
1191148257280.0
1283803185152.0
1200093921280.0
1182846418944.0
1172314783744.0
1194843308032.0
1166597947392.0
1173395603456.0
1171444203520.0
1257890643968.0
1181635575808.0
1180574416896.0
1185704050688.0
1171786039296.0
1194355326976.0
1184813285376.0
1147114356736.0
1138290589696.0
1154665938944.0
1140748976128.0
1157247270912.0
1181430841344.0
1138892210176.0
1136161062912.0
1144115953664.0
1163079450624.0
1185671020544.0
1176152309760.0
1171688259584.0
1199821553664.0
1226651074560.0
1238315302912.0
1195780603904.0
1162191568896.0
1174615752704.0
1265770823680.0
1181206052864.0
1142190374912.0
1138725617664.0
1135116812288.0
1243185676288.0
1228717686784.0
1175231004672.0
1152090505216.0
1226152607744.0
1169213882368.0
1137732485120.0
1129249374208.0
1177263013888.0
1175052353536.0
1229146947584.0
1181035921408.0
1168478568448.0
1179278376960.0
1122297839616.0
1178174881792.0
1165516079104.0
1193983868928.0
1151695847424.0
1118320197632.0
1126288064512.0
1188974821376.0
1145669287936.0
1194834132992.0
1235906199552.0
1185615446016.0
1197484277760.0
1194078240768.0
1137527226368.0
1147367718912.0
1168919494656.0
1279812435968.0
1217666220032.0
1160256159744.0
1148668739584.0
1208189583360.0
1204657848320.0
1171573702656.0
1142630907904.0
1264294035456.0
1156734517248.0
1117174366208.0
1156337762304.0
1122566930432.0
1142144368640.0
1145362841600.0
1155819241472.0
1169977114624.0
1183073959936.0
1198105296896.0
1149165109248.0
1198551990272.0
1171141951488.0
1224436744192.0
1230395146240.0
1223553712128.0
1189020041216.0
1175166124032.0
1262180892672.0
1220704075776.0
1128908455936.0
1134803681280.0
1124405084160.0
1178172129280.0
1198532853760.0
1142318956544.0
1173716992000.0
1195132321792.0
1174206939136.0
1173353791488.0
1248825180160.0
1141919186944.0
1152991363072.0
1215981682688.0
1246344249344.0
1181848961024.0
1162570891264.0
1142275178496.0
1163319574528.0
1154946170880.0
1149974609920.0
1179599634432.0
1169854562304.0
1178481328128.0
1187739336704.0
1149707747328.0
1148713959424.0
1258526343168.0
1182123819008.0
1146338148352.0
1190532743168.0
1163000807424.0
1180241625088.0
1158025445376.0
1149699227648.0
1148726804480.0
1315660365824.0
1157802098688.0
1169891524608.0
1295574761472.0
1167130492928.0
1185922154496.0
1138845679616.0
1216836796416.0
1145288523776.0
1122478850048.0
1224027537408.0
1168984768512.0
1153078394880.0
1150131372032.0
1181420617728.0
1196123488256.0
1252806885376.0
1177166544896.0
1161323872256.0