2937844662272.0
2904404525056.0
2894888697856.0
2879544623104.0
2856337539072.0
2851352084480.0
2828559974400.0
2818153381888.0
2794083319808.0
2780567699456.0
2726264045568.0
2701966966784.0
2685677338624.0
2670206124032.0
2638903246848.0
2613486813184.0
2607977857024.0
2588649455616.0
2476991315968.0
2450243190784.0
2423967449088.0
2401930838016.0
2351256043520.0
2309837029376.0
2274179416064.0
2248256520192.0
2194944032768.0
2130571952128.0
2078352211968.0
2016075710464.0
2007347101696.0
1972653129728.0
1898702045184.0
1854636294144.0
1768976285696.0
1719530815488.0
1634078818304.0
1616133226496.0
1556997734400.0
1534673944576.0
1501745905664.0
1432401215488.0
1337568264192.0
1320207515648.0
1268676296704.0
1228301271040.0
1159204438016.0
1156294115328.0
1094624477184.0
1069426278400.0
1054432100352.0
1049645744128.0
1033926606848.0
996288888832.0
989215391744.0
983955931136.0
973667041280.0
944217653248.0
930177875968.0
917791047680.0
899270574080.0
888123162624.0
884564819968.0
860817915904.0
850426068992.0
843828363264.0
836231495680.0
830463213568.0
826467680256.0
809569746944.0
795557494784.0
793638469632.0
793361252352.0
792436932608.0
787519242240.0
785782800384.0
772127391744.0
771343777792.0
765067067392.0
753641193472.0
745206775808.0
741735071744.0
741542068224.0
734292213760.0
732042493952.0
730167115776.0
724624474112.0
724035829760.0
717056573440.0
714002661376.0
716218302464.0
711853473792.0
701400743936.0
695081172992.0
694410412032.0
690593398784.0
679772160000.0
671404785664.0
663586471936.0
662278766592.0
658880593920.0
658448187392.0
658257739776.0
651213930496.0
647308574720.0
645060558848.0
638715297792.0
636325330944.0
635415429120.0
627735855104.0
624949788672.0
619081236480.0
617476521984.0
618938236928.0
618841767936.0
611626123264.0
605235642368.0
606349033472.0
606020632576.0
603929509888.0
597821358080.0
598530457600.0
595663126528.0
598953492480.0
594467028992.0
590379024384.0
583222296576.0
579193798656.0
577969061888.0
573988601856.0
574765793280.0
564235730944.0
564602732544.0
560824582144.0
556176048128.0
553328574464.0
547772071936.0
545632485376.0
545528905728.0
541126557696.0
542321541120.0
542221303808.0
534946643968.0
533523759104.0
532410728448.0
528591912960.0
524435783680.0
525453557760.0
522908925952.0
519668695040.0
511654789120.0
512181239808.0
517484314624.0
512822345728.0
504462770176.0
497996070912.0
510299013120.0
499573522432.0
495907438592.0
491800035328.0
487297318912.0
489204711424.0
483218030592.0
476266037248.0
474429947904.0
477175087104.0
472765267968.0
467812810752.0
463984263168.0
462203846656.0
461288570880.0
456569028608.0
455078281216.0
455322468352.0
453148540928.0
451649863680.0
451085860864.0
450302967808.0
449398571008.0
449615495168.0
444393979904.0
442905952256.0
437858009088.0
435769344000.0
434212175872.0
435434618880.0
431171207168.0
425328312320.0
423208747008.0
421963366400.0
417342357504.0
415570329600.0
410611089408.0
408330993664.0
409778978816.0
408164696064.0
407326457856.0
404408467456.0
402193285120.0
401498046464.0
399858040832.0
401379426304.0
400926834688.0
397067255808.0
398315487232.0
394106765312.0
391565737984.0
389113053184.0
389145591808.0
388637130752.0
388126998528.0
388520738816.0
388301684736.0
388421222400.0
380118433792.0
379059437568.0
377660866560.0
378553368576.0
378400997376.0
375961288704.0
374513074176.0
378835206144.0
371104186368.0
370065408000.0
373331722240.0
371084787712.0
368364748800.0
359979909120.0
359077150720.0
358342623232.0
356826021888.0
356868358144.0
354390179840.0
353433616384.0
351824478208.0
351376048128.0
352111820800.0
354829697024.0
351344984064.0
349513056256.0
346446036992.0
345635979264.0
344373526528.0
342531768320.0
342485172224.0
343508058112.0
340349812736.0
338286936064.0
336527556608.0
334915239936.0
334303363072.0
333018988544.0
331431477248.0
335070756864.0
332384567296.0
326582337536.0
321315995648.0
320641892352.0
316147990528.0
316843229184.0
313315033088.0
311451123712.0
308932116480.0
303747268608.0
304214671360.0
302613102592.0
303819620352.0
306919669760.0
302462533632.0
301149978624.0
303941189632.0
299843387392.0
298292609024.0
300718030848.0
299474681856.0
294693830656.0
300073320448.0
295074955264.0
309673656320.0
297198452736.0
290620047360.0
289936670720.0
290130657280.0
290140782592.0
288678084608.0
294301499392.0
289700052992.0
285294559232.0
286824857600.0
286294867968.0
288859914240.0
296120418304.0
279287857152.0
288936820736.0
285722869760.0
281482330112.0
284791832576.0
283457552384.0
283065778176.0
302010662912.0
280582356992.0
287399575552.0
275773030400.0
278014066688.0
279596302336.0
276811087872.0
279251550208.0
274614026240.0
268601163776.0
270457634816.0
266965352448.0
268987318272.0
271490809856.0
265835053056.0
267936268288.0
264124792832.0
266249781248.0
264111144960.0
259405135872.0
269552664576.0
260229414912.0
258654830592.0
256356106240.0
264194031616.0
255421513728.0
254144675840.0
255820136448.0
262862438400.0
258332590080.0
255475990528.0
252600320000.0
251486617600.0
266735108096.0
253621796864.0
253454303232.0
252254502912.0
266804740096.0
251474755584.0
252347187200.0
258351366144.0
251570929664.0
256958136320.0
258884075520.0
248241881088.0
247610146816.0
246865969152.0
249366986752.0
256594411520.0
247836508160.0
246019784704.0
249195823104.0
253048897536.0
248606982144.0
247114399744.0
247524376576.0
242585780224.0
243958005760.0
249170493440.0
243937263616.0
242576375808.0
248241242112.0
243600146432.0
237415006208.0
239443181568.0
242809798656.0
238713503744.0
238579122176.0
235809488896.0
236646432768.0
233780183040.0
242861309952.0
240092217344.0
237807288320.0
233804808192.0
238637875200.0
238542209024.0
233196158976.0
233480552448.0
235308744704.0
236534857728.0
235814748160.0
232611479552.0
233126723584.0
230746734592.0
229414010880.0
229552865280.0
236803473408.0
231010762752.0
231410958336.0
229766217728.0
234573201408.0
240181346304.0
232406646784.0
227260235776.0
229627035648.0
229543821312.0
228662067200.0
230602506240.0
235729928192.0
226538618880.0
225981972480.0
229832327168.0
229076303872.0
227295789056.0
224544096256.0
243496665088.0
231535493120.0
225967931392.0
226488991744.0
234396434432.0
224349634560.0
224292896768.0
231250755584.0
224777764864.0
222669750272.0
225747238912.0
225895989248.0
227497607168.0
230782976000.0
234159243264.0
235113709568.0
218690387968.0
222688083968.0
220592095232.0
220893642752.0
220813344768.0
222471225344.0
232045887488.0
231918469120.0
218967801856.0
220019130368.0
221381869568.0
220302016512.0
215850532864.0
216086069248.0
221697359872.0
218725548032.0
218876051456.0
220571172864.0
214868951040.0
216000675840.0
217093963776.0
218952826880.0
217044877312.0
215839997952.0
226542682112.0
221723787264.0
217118556160.0
215569154048.0
219463680000.0
217245761536.0
218446168064.0
221115367424.0
223470157824.0
211780567040.0
218124763136.0
215492378624.0
213416214528.0
211014582272.0
213797486592.0
218479689728.0
211342508032.0
212539998208.0
213576744960.0
209079156736.0
219130609664.0
216845221888.0
216913674240.0
209499226112.0
208030105600.0
206855110656.0
216461475840.0
211512950784.0
217771163648.0
221454942208.0
212506738688.0
208286793728.0
212779532288.0
212185006080.0
209103945728.0
210588991488.0
212699938816.0
207232450560.0
207838904320.0
205413941248.0
204759203840.0
208032120832.0
209375494144.0
212517961728.0
210901286912.0
207554904064.0
206230274048.0
205391446016.0
209723310080.0
209589796864.0
202406412288.0
203354619904.0
205737852928.0
207521267712.0
205441236992.0
204111904768.0