271743483904.0
271743483904.0
271743483904.0
69110464512.0
68821442560.0
29416200192.0
29416200192.0
29885018112.0
29885018112.0
30541787136.0
30541787136.0
30541787136.0
30541787136.0
30541787136.0
30541787136.0
30541787136.0
30541787136.0
30541787136.0
30541787136.0
30541787136.0
30541787136.0
30541787136.0
30541787136.0
30541787136.0
30541787136.0
30541787136.0
30541787136.0
30541787136.0
30541787136.0
30541787136.0
30541787136.0
30541787136.0
30541787136.0
30541787136.0
30541787136.0
30541787136.0
30541787136.0
30541787136.0
30541787136.0
30541787136.0
30541787136.0
30541787136.0
30541787136.0
30541787136.0
30541787136.0
30541787136.0
30541787136.0
30541787136.0
30541787136.0
30541787136.0
30541787136.0
30541787136.0
30541787136.0
30541787136.0
30541787136.0
30541787136.0
30541787136.0
30541787136.0
30541787136.0
30541787136.0
30541787136.0
30541787136.0
30541787136.0
30541787136.0
30541787136.0
30541787136.0
30541787136.0
30541787136.0
30541787136.0
30541787136.0
30541787136.0
30541787136.0
30541787136.0
30541787136.0
30541787136.0
30541787136.0
30541787136.0
30541787136.0
30805622784.0
30805622784.0
30805622784.0
30805622784.0
30805622784.0
30805622784.0
30805622784.0
30805622784.0
30805622784.0
30805622784.0
30805622784.0
30805622784.0
30805622784.0
30805622784.0
30805622784.0
30805622784.0
30805622784.0
30805622784.0
30805622784.0
30805622784.0
30805622784.0
30805622784.0
30805622784.0
30805622784.0
30805622784.0
30805622784.0
30805622784.0
30805622784.0
30805622784.0
30805622784.0
30805622784.0
30805622784.0
30805622784.0
30805622784.0
30805622784.0
29502521344.0
29502521344.0
29502521344.0
29502521344.0
30805622784.0
30805622784.0
31319220224.0
31319220224.0
31319220224.0
30241533952.0
30241533952.0
30241533952.0
30241533952.0
30241533952.0
30241533952.0
30241533952.0
30241533952.0
30241533952.0
29966567424.0
31740481536.0
31740481536.0
29966567424.0
29966567424.0
29966567424.0
29966567424.0
29966567424.0
29966567424.0
31740481536.0
29966567424.0
29966567424.0
31740481536.0
29966567424.0
29966567424.0
30011101184.0
30011101184.0
30011101184.0
30011101184.0
31761004544.0
31761004544.0
30011101184.0
30011101184.0
30011101184.0
30011101184.0
30011101184.0
30011101184.0
30011101184.0
30011101184.0
31761004544.0
31761004544.0
30011101184.0
30011101184.0
30011101184.0
30011101184.0
28711563264.0
28711563264.0
28711563264.0
28711563264.0
28711563264.0
28711563264.0
34816851968.0
28519518208.0
28519518208.0
28519518208.0
28519518208.0
28519518208.0
28519518208.0
28519518208.0
28519518208.0
28711563264.0
28711563264.0
28711563264.0
28711563264.0
28519518208.0
28519518208.0
28519518208.0
28519518208.0
28519518208.0
28519518208.0
28711563264.0
28711563264.0
28711563264.0
28519518208.0
28519518208.0
28519518208.0
28519518208.0
28519518208.0
28519518208.0
28711563264.0