107034125008896.0
80916110114816.0
60060982050816.0
45102055555072.0
34843983347712.0
27570588352512.0
22787269853184.0
19889349722112.0
17970810060800.0
16647054163968.0
15676618047488.0
15087458844672.0
14630244057088.0
14215485063168.0
13865046769664.0
13485530415104.0
13185094516736.0
12818450481152.0
12584300314624.0
12412745940992.0
12196893425664.0
12007294107648.0
11832710397952.0
11612421357568.0
11435781390336.0
11321680592896.0
11244759154688.0
11092440907776.0
11008576847872.0
10833423761408.0
10717371564032.0
10617539788800.0
10479516778496.0
10349430439936.0
10253103005696.0
10137534201856.0
10053398560768.0
9973568372736.0
9902797881344.0
9821176725504.0
9764320837632.0
9712433102848.0
9656606916608.0
9582755708928.0
9530090979328.0
9428801683456.0
9364674969600.0
9308456615936.0
9277065396224.0
9227415322624.0
9187751886848.0
9150640685056.0
9110999269376.0
9099673600000.0
9055115411456.0
9026163179520.0
8990733893632.0
8941427752960.0
8905874735104.0
8869386387456.0
8824117264384.0
8787246710784.0
8762027409408.0
8743340212224.0
8719348269056.0
8695036510208.0
8631974100992.0
8606852317184.0
8582635454464.0
8564845838336.0
8556133220352.0
8518115524608.0
8472572723200.0
8444761341952.0
8413362782208.0
8396004655104.0
8373647966208.0
8336792092672.0
8330025107456.0
8294841188352.0
8273978720256.0
8254229839872.0
8234926080000.0
8207423504384.0
8178334957568.0
8160085016576.0
8128421167104.0
8128754614272.0
8121076416512.0
8111739895808.0
8080860905472.0
8068334092288.0
8073903603712.0
8043442995200.0
8013436944384.0
8002326757376.0
7996383952896.0
7980955729920.0
7969595981824.0
7943910064128.0
7921999020032.0