28163165913088.0
27439858188288.0
26750041980928.0
26054462799872.0
25479163674624.0
24911015837696.0
24344136777728.0
23622135578624.0
22986421698560.0
22390417391616.0
22044355854336.0
21548425543680.0
21139980025856.0
20702803525632.0
20274812551168.0
19795896434688.0
19250035032064.0
18834322882560.0
18452639121408.0
18141352558592.0
17703869874176.0
17346635759616.0
16988711682048.0
16610672771072.0
16267161370624.0
15965670604800.0
15624493334528.0
15353732136960.0
15069146513408.0
14873874399232.0
14708291665920.0
14454383181824.0
14252692733952.0
14047997067264.0
13836739411968.0
13664587350016.0
13435836301312.0
13237082914816.0
13052895297536.0
12903379894272.0
12765122002944.0
12652980994048.0
12532737638400.0
12366774272000.0
12236493946880.0
12055499243520.0
11950520008704.0
11835002585088.0
11666794217472.0
11570992119808.0
11419747614720.0
11300662935552.0
11198378541056.0
11059984334848.0
10926486978560.0
10783614304256.0
10693840470016.0
10573694631936.0
10400727826432.0
10221205323776.0
10067090866176.0
9903805562880.0
9772119097344.0
9688657690624.0
9505387577344.0
9390748860416.0
9245602873344.0
9141826355200.0
9023604654080.0
8935123714048.0
8824169693184.0
8750385594368.0
8649243099136.0
8569241993216.0
8497771053056.0
8432642949120.0
8322468544512.0
8161608073216.0
8049939972096.0
7926120448000.0
7829747400704.0
7769367773184.0
7667791691776.0
7580170584064.0
7486892933120.0
7405413859328.0
7312998662144.0
7240201797632.0
7116522258432.0
7017881141248.0
6951617953792.0
6805113536512.0
6673600086016.0
6559118655488.0
6492356870144.0
6412483690496.0
6331853438976.0
6203882078208.0
6100993179648.0
6066712084480.0
5987446554624.0
5899186864128.0
5835626381312.0
5758059544576.0
5691133657088.0
5640543010816.0
5585181868032.0
5526782476288.0
5425180180480.0
5354164322304.0
5298780110848.0
5261867089920.0
5203308314624.0
5146344423424.0
5116974333952.0
5059215622144.0
5004852199424.0
4953181519872.0
4894290345984.0
4854372630528.0
4792980078592.0
4743422279680.0
4705632649216.0
4670348591104.0
4628032258048.0
4599785717760.0
4560713678848.0
4524919488512.0
4498454478848.0
4484694016000.0
4451848945664.0
4409471795200.0
4380261613568.0
4345823494144.0
4325130108928.0
4302321483776.0
4265487106048.0
4211233783808.0
4202047471616.0
4193883521024.0
4140472729600.0
4126801395712.0
4101390467072.0
4053899149312.0
4034896855040.0
4016312156160.0
4004795383808.0
3980193169408.0
3959211950080.0
3933936287744.0
3920030334976.0
3905217626112.0
3887307423744.0
3867522629632.0
3855407382528.0
3836963717120.0
3825425186816.0
3790379417600.0
3785460023296.0
3757414809600.0
3750046203904.0
3719160397824.0
3699275202560.0
3680903364608.0
3660668469248.0
3638718365696.0
3629408321536.0
3604430716928.0
3590939213824.0
3577460817920.0
3558553157632.0
3565234159616.0
3560745730048.0
3559412727808.0
3534726889472.0
3519153700864.0
3503535423488.0
3479525392384.0
3478063153152.0
3473734107136.0
3460454416384.0
3425115308032.0
3416147623936.0
3401265971200.0
3402849583104.0
3394369486848.0
3373905739776.0
3360179093504.0
3360434421760.0
3349322661888.0
3308395692032.0
3293993238528.0
3268093149184.0
3261107798016.0
3239991312384.0
3257804521472.0
3220373504000.0
3215018688512.0
3204273405952.0
3204573822976.0
3194972536832.0